1.518397994979297607e+02
1.518556176186152697e+02
1.135260638841220242e+02
9.886353722148216150e+01
8.543919719608787489e+01
7.078473448660658107e+01
5.470317200068150498e+01
3.900488044512901098e+01
2.667496009927885581e+01
1.543149795373403244e+01
7.581861278044591756e+00
7.614303924632565668e+00
1.350530180284817972e+00
1.254497255923614274e+00
1.237654623727952208e+00
1.177469442870151539e+00
1.215330133379475042e+00
1.204158930464280797e+00
1.228662952788311280e+00
-4.524835478435779379e+00
-7.255962518426689600e-01
-7.289129864445284568e+01
-1.176781329271074839e+02
-1.154087955645500330e+02
-1.081997179116702483e+02
-1.006811104399079397e+02
-9.277687373434640961e+01
-8.499960425189797775e+01
-7.430828246072603349e+01
-5.885588208994361281e+01
4.241399252993862490e+01
8.112802949897101712e+01
6.745946873899121954e+01
-4.404984479159239186e+01
-6.889682394772741247e+01
-6.205747706932371699e+01
-1.623208548598985113e+00
7.736232147053792119e+01
7.745056921420916751e+01
-5.879985844887285040e+00
-6.405163516037411853e+01
-6.398692816118321502e+01
-4.220336109670093094e+01
6.091695501244951316e+01
8.584302591584308573e+01
5.896167000686592985e+01
-5.416226084007393382e+01
-6.906258739044812955e+01
-6.214918591675881032e+01
-1.462160721241468453e+00
7.762238062083879697e+01
7.767082102486043027e+01
-5.078604950729078915e+00
-6.224122966972570481e+01
-6.233179568386101010e+01
-4.257801006131017374e+01
6.169541351083581304e+01
8.596330265122473691e+01
6.063505569576117438e+01
-5.425906268945781363e+01
-7.075366764096716565e+01
-6.169247819182938031e+01
-1.846001272322450815e+00
7.746508302038040483e+01
