1.288604953208036648e+02
1.288485977187024503e+02
-6.912541466034527105e+01
-1.076783471569952724e+02
-9.383042499519341106e+01
4.335261932788145600e+01
1.087164564916774054e+02
9.742485406745700516e+01
-7.519589722203996018e+01
-1.028802455146454093e+02
-8.630357808455461566e+01
8.251090320833429814e+01
1.133944357940380456e+02
8.848709866465662799e+01
-8.641071947028103750e+01
-1.070739383622888994e+02
-8.953993594577828219e+01
8.012869056288009517e+01
1.123581845964748993e+02
8.883454860127376662e+01
-8.559162129173985534e+01
-1.071783842679835175e+02
-8.859820295475100238e+01
8.007230749993891550e+01
1.123527654973133281e+02
8.853553008584569284e+01
-8.559327303532636222e+01
-1.071854022163136051e+02
-8.858319503987507915e+01
7.994371856736398740e+01
1.133766851529672266e+02
9.046503016145902620e+01
-8.568658197366471541e+01
-1.075701217134846104e+02
-8.952146184755486047e+01
7.601553904462663525e+01
1.123731560730565064e+02
9.044239321953209298e+01
-8.452759563956351485e+01
-1.064914901687803450e+02
-8.857481840156508213e+01
8.002075948586791299e+01
1.123200100662316459e+02
8.852512022726422458e+01
-8.572666698300756138e+01
-1.071813218237188039e+02
-8.858542134385186273e+01
8.011107503339620450e+01
1.133577129791305254e+02
9.031701247070178340e+01
-8.557614439922288341e+01
-1.068568293736461072e+02
-8.951092434929017827e+01
7.592723914967886856e+01
1.123260556709420968e+02
9.037959310038770866e+01
-8.453465658673930250e+01
-1.065134442257882483e+02
-8.858214232651451425e+01
7.994744930696539598e+01
1.123640532732450339e+02
8.843300055230105272e+01
-8.566652383301004647e+01
-1.072074627431350820e+02
-8.863300541360715101e+01
7.952060062322892975e+01
1.132427427234362796e+02
9.036338519160662486e+01
-8.567720793584591377e+01
-1.068673972728153956e+02
-8.951687848437822481e+01
7.531572552725347691e+01
1.123041162993439883e+02
9.244251964163120761e+01
-8.455150972415135868e+01
-1.072212124752282421e+02
-8.865235361928155555e+01
7.996776068576581054e+01
1.123262504571331135e+02
8.843838912541323793e+01
-8.565406386436785624e+01
-1.070515826801611894e+02
-8.855444671554506897e+01
7.998437769891738469e+01
1.132478469056464832e+02
9.036410730321961182e+01
-8.566248505083936493e+01
-1.071698398003230039e+02
-8.952959973345636513e+01
7.596846902077876962e+01
1.122976490757944816e+02
9.042546616881024590e+01
-8.452346862035901154e+01
-1.065356344247194755e+02
-8.866503638577648871e+01
7.991591511841248519e+01
1.132360577471077363e+02
9.040179574238212012e+01
-8.568875118128309509e+01
-1.078897104640729623e+02
-8.949648272044434805e+01
7.995765171033889374e+01
1.123151741348657993e+02
8.842901145052688605e+01
-8.568811671450438894e+01
-1.071704229230199417e+02
-8.855989621023621794e+01
7.984875662233193339e+01
1.131931579630394538e+02
9.034329704243671699e+01
-8.569005809482392522e+01
-1.071858430017344972e+02
-8.951507461532989396e+01
7.520194654782564214e+01
1.123323626367566845e+02
9.211480156496253358e+01
-8.448844467813120218e+01
-1.068486029931342074e+02
-8.859958691652302321e+01
7.988728358159026754e+01
1.123218810098517508e+02
8.839423472722775443e+01
-8.567337497548429326e+01
-1.069500419317263038e+02
-8.862100516011867057e+01
7.992755631382455306e+01
1.130883136160173166e+02
9.032402054246587397e+01
-8.564885172231767285e+01
-1.071909897655062593e+02
-8.950585611141576692e+01
7.579526522227141072e+01
1.123053498929957499e+02
9.227578697503861349e+01
-8.462944612846401071e+01
-1.071966809276608501e+02
-8.864729086411725234e+01
7.992332893528387672e+01
1.122362477133218306e+02
8.836486512360608003e+01
-8.563628840816603827e+01
-1.071886304158978760e+02
-8.864133653280869396e+01
7.987133569919086540e+01
1.130864898798081555e+02
9.032310652255164030e+01
-8.567121274470413539e+01
-1.071883012986201180e+02
-8.949586546125640041e+01
7.579756946102642701e+01
1.122958184981502399e+02
9.227800423777448202e+01
-8.462470303894468771e+01
-1.071803492459884097e+02
-8.859996302907160270e+01
7.985370696726508299e+01
1.123035333770076392e+02
8.831158464777701056e+01
-8.566498887490884329e+01
-1.071884362156394701e+02
-8.864575366846591464e+01
7.927493227840594159e+01
1.132086945523282822e+02
9.014288620574799893e+01
-8.565040673864662324e+01
-1.071964978427168518e+02
-8.866079192337601000e+01
7.919668429835674317e+01
1.122214401580462919e+02
9.033216718570079706e+01
-8.568169813634743548e+01
-1.070579471967814982e+02
-8.959917797876659051e+01
7.997279507341377780e+01
1.122544148695628223e+02
9.024579321149936106e+01
-8.566359113502288380e+01
-1.071948748064537966e+02
-8.948888571003094228e+01
7.927918045610860531e+01
1.122308245846566024e+02
9.023793081937748184e+01
-8.562479917314307443e+01
-1.068549993267253058e+02
-8.862415661017678303e+01
7.928328683315358205e+01
1.121763195566272913e+02
8.836382555799258398e+01
-8.563716011909960457e+01
-1.071634060220466580e+02
-8.859430357783129750e+01
7.924438091929444283e+01
1.130845763865997213e+02
9.008018671919440123e+01
-8.562922458862774988e+01
-1.068479957025122360e+02
-8.860006013426267657e+01
7.917891169505053028e+01
1.121542505853271194e+02
9.005563052349643272e+01
-8.564469269574512111e+01
-1.068400104789023430e+02
-8.863360512978728423e+01
7.913531429682969076e+01
1.121731586475451223e+02
9.007619476104433431e+01
-8.562831800241066560e+01
-1.071634820267981638e+02
-8.860296609126673673e+01
7.974798988882989192e+01
1.121759631093620726e+02
8.832625490441225224e+01
-8.565030447248757639e+01
-1.071737351066704917e+02
-8.860077896229175565e+01
7.933359258991275453e+01
1.130601936547113127e+02
9.005964233539629049e+01
-8.559553387554504411e+01
-1.072042266104230919e+02
-8.863857855185064238e+01
7.917498116759307436e+01
1.121403319002365890e+02
9.002250156225186117e+01
-8.555384007154219717e+01
-1.071850937086431230e+02
-8.859767264803214459e+01
7.980875651870759668e+01
1.121877227753253408e+02
8.829034038329650969e+01
-8.561120341617817076e+01
-1.068178723511649224e+02
-8.860958159267681822e+01
7.922843099936511635e+01
1.130147786141573647e+02
8.998608437270243599e+01
-8.564350227832615303e+01
-1.072027966363182259e+02
-8.862185046760519924e+01
7.908926113989063822e+01
1.121316646826063845e+02
9.006583729785917569e+01
-8.561074962071509731e+01
-1.071997197527425811e+02
-8.865784802556490263e+01
7.986272014323130009e+01
1.121731095437611714e+02
8.826797590795337101e+01
-8.565865189726142148e+01
-1.071911139371524797e+02
-8.861812506176165982e+01
7.906572480923881585e+01
1.130508153005486491e+02
9.001633048075673571e+01
-8.560008000897342129e+01
-1.068235267851843133e+02
-8.860763442995921935e+01
7.912915374363591070e+01
1.121670033235808575e+02
9.001510687303519376e+01
-8.562799268341220227e+01
-1.071823194780074715e+02
-8.861553453574836681e+01
7.910253290003576865e+01
1.120864533881695166e+02
9.000372496825853830e+01
-8.563062820690045385e+01
-1.072519903528528431e+02
-8.858843992606638551e+01
7.907235081639801422e+01
1.121358079740731455e+02
9.004937089549865448e+01
-8.565728078471401830e+01
-1.071742550652302697e+02
-8.862099792193181713e+01
7.916481841915901896e+01
1.130132671664236881e+02
9.000251947588949974e+01
-8.572089530913157773e+01
-1.071777993712293693e+02
-8.859422658617444313e+01
7.915386812211282574e+01
1.120532497234933658e+02
8.993143439359185720e+01
-8.560944291217474245e+01
-1.071755042933364308e+02
-8.863461860769253065e+01
7.913345092308424000e+01
1.121407309959749483e+02
8.999631264541466180e+01
-8.562361289587845192e+01
-1.072034739606249616e+02
-8.865593092028503008e+01
7.920511973492689606e+01
1.120521132856355138e+02
9.001410416783494384e+01
-8.559053937390018518e+01
-1.071886459603569506e+02
-8.862802235880822366e+01
7.908970714122226298e+01
1.130357239900220350e+02
8.997438968998012854e+01
-8.562874435715181676e+01
-1.071757251149719252e+02
-8.863015298879933823e+01
7.905312575361409699e+01
1.121280880847331503e+02
9.006275102839386193e+01
-8.562437772987034634e+01
-1.071843984065978077e+02
-8.862799699674008025e+01
7.906442640546666212e+01
1.120432827097626500e+02
8.999410580022558293e+01
-8.560575001437591425e+01
-1.071796744871537754e+02
-8.858605779478317288e+01
7.903112507861615654e+01
1.120180378869902995e+02
8.998175225966693347e+01
-8.564632216912615092e+01
-1.071933810466772314e+02
-8.859899589694867927e+01
7.908276745238531191e+01
1.129374036942636508e+02
8.997745061967356150e+01
-8.575480483635234918e+01
-1.071988425630184452e+02
-8.861564536977557793e+01
7.904133233058517760e+01
1.120544127781292616e+02
9.000580692836892638e+01
-8.563301367407660791e+01
-1.071761754870906742e+02
-8.860263762181101299e+01
7.902898165113562357e+01
1.129156817884915682e+02
8.998802697609589529e+01
-8.560378353854419231e+01
-1.071762089082234723e+02
-8.860437359265137047e+01
7.895893828902194400e+01
1.120220954225670908e+02
9.002975448427626759e+01
-8.576194996140071680e+01
-1.072020794799634444e+02
-8.861653482719005126e+01
7.854050277931717972e+01
1.128672631298553029e+02
8.998399131472326928e+01
-8.563591941907472460e+01
-1.071888636465109101e+02
-8.858807621795922671e+01
7.904373173554438381e+01
1.129023199005776803e+02
8.999219775723237547e+01
-8.563154163578359146e+01
-1.072581755911726447e+02
-8.861749687778616646e+01
7.900969666918183520e+01
1.120007854351474776e+02
8.995208933641146132e+01
-8.564399965123996594e+01
-1.072618785337525082e+02
-8.865009821387653233e+01
7.912543149668600506e+01
1.129416952789585338e+02
9.000156341669102744e+01
-8.563367702490202760e+01
-1.072073649806607136e+02
-8.858987063666215533e+01
7.900057463873976360e+01
1.120688439257809961e+02
8.992891035510226061e+01
-8.561695291029614907e+01
-1.072634838613949313e+02
-8.861935601986988331e+01
7.901019023805602615e+01
1.129135658455647615e+02
8.995665974244374752e+01
-8.566881795287507373e+01
-1.071946296821730584e+02
-8.861604321283303420e+01
7.910340822576283415e+01
1.120451011996093484e+02
8.992607546805308516e+01
-8.567515693944957889e+01
-1.072501820407025974e+02
-8.862243110062289020e+01
7.884068797452559352e+01
1.128894087564196127e+02
8.995629002524306372e+01
-8.564343144842180777e+01
-1.072846704087545788e+02
-8.861131483961128197e+01
7.911496393906905666e+01
1.128834907488285495e+02
8.993190864533009687e+01
-8.576957140623639475e+01
-1.072649284206105591e+02
-8.860205531068422147e+01
7.859588111140305955e+01
1.120097902088704132e+02
8.996806748349678173e+01
-8.565351429320627119e+01
-1.072405607369783809e+02
-8.865476159098777487e+01
7.904801533712887363e+01
1.128678172238267194e+02
8.988272154586654494e+01
-8.573627187554016871e+01
-1.072600446388776021e+02
-8.867404141108455917e+01
7.855046127111262422e+01
1.128751358427290512e+02
8.998053200983747502e+01
-8.559540071302602371e+01
-1.072650845669731865e+02
-8.864389095403500107e+01
7.910377144014518080e+01
1.129030851909810451e+02
8.992561394934610064e+01
-8.576834868125833111e+01
-1.072480272212830528e+02
-8.874419360683960178e+01
7.901513724408458472e+01
1.129107536187179761e+02
8.988267855447308818e+01
-8.575697479521309674e+01
-1.072383665411033462e+02
-8.857750822463795259e+01
7.914571038884675147e+01
1.128826186959757081e+02
8.994836795907950489e+01
-8.563788434385966752e+01
-1.072441010179083634e+02
-8.863207291455061920e+01
7.896960824553408997e+01
1.120304122209251716e+02
8.991951974086792632e+01
-8.563261548179720251e+01
-1.072530177768949216e+02
-8.861642902076826545e+01
7.852004928052141963e+01
1.128826024764104545e+02
8.995932623339645318e+01
-8.577302434757361027e+01
-1.072659867726111713e+02
-8.862340090490032196e+01
7.884182065896943925e+01
1.128805095217100103e+02
8.992763415363016577e+01
-8.575379942312518722e+01
-1.072023462750148752e+02
-8.859816703881885758e+01
7.849453791178730455e+01
1.127878559441993502e+02
8.993517354962136778e+01
-8.575731817714790850e+01
-1.072543236262141022e+02
-8.857977566042346496e+01
7.845933096517207161e+01
1.127744694131715733e+02
8.989271469271373860e+01
-8.564160553672424214e+01
-1.066617610882933889e+02
-8.863284016180685398e+01
7.900907117486798370e+01
1.127779515066861507e+02
8.986832445576858674e+01
-8.574687425619484316e+01
-1.072548286719291468e+02
-8.861742148676918873e+01
7.900750988211932224e+01
1.127628008436597327e+02
8.986100348996004072e+01
-8.578371026131642907e+01
-1.072442668715878398e+02
-8.875531421553397138e+01
7.887538949917167486e+01
1.127547925328616998e+02
8.990551448395841305e+01
-8.579341042784196247e+01
-1.072484182048439436e+02
-8.862997320466925544e+01
7.884637866117694216e+01
1.127777701876129584e+02
8.992507791223535207e+01
-8.560213666853276493e+01
-1.072424932007228051e+02
-8.875222245513793951e+01
7.841570379381495570e+01
1.127803664621562376e+02
8.992088860375818626e+01
-8.478625441404989260e+01
-1.065857790661106463e+02
-8.873928721886915127e+01
7.894496056789820670e+01
1.127636714085949023e+02
8.990598380941271728e+01
-8.575982590264277405e+01
-1.072711398681041715e+02
-8.864296789350818528e+01
7.849622585895653515e+01
1.127943608809863605e+02
8.967016120056202055e+01
-8.578317585385157429e+01
-1.072591098470434048e+02
-8.872007572793096131e+01
7.850785477955061253e+01
1.126588113460642120e+02
8.963443294612581269e+01
-8.579469779665426188e+01
-1.065631344976809203e+02
-8.876366071797541224e+01
7.891501252598168037e+01
1.127548527931491407e+02
8.966578974822706982e+01
-8.576050821672032498e+01
-1.065716375567520657e+02
-8.875309711173832738e+01
7.876310644505993253e+01
1.127366481262085074e+02
8.963551724764812434e+01
-8.575462076837845871e+01
-1.066631355355598743e+02
-8.863349483719055399e+01
7.861340812710918158e+01
1.127877102131070330e+02
8.987690268159909124e+01
-8.574990427362497769e+01
-1.072765767972163502e+02
-8.872257211408665967e+01
7.847554312643568153e+01
1.127607840510356567e+02
8.985953023370691994e+01
-8.474046846625265061e+01
-1.066577482335797953e+02
-8.862936027808747497e+01
7.846772490303800396e+01
1.127509954457323715e+02
8.957480026025453412e+01
-8.573952421525733314e+01
-1.072659551899338766e+02
-8.871256920015170522e+01
7.848567396679013086e+01
1.127599747773410286e+02
8.988350936371845989e+01
-8.473644106966209222e+01
-1.065650380870503255e+02
-8.872768764801575969e+01
7.892211345763081454e+01
1.127865572089947079e+02
8.948323747599825140e+01
-8.577534915003633387e+01
-1.072496952662011438e+02
-8.877383154760417483e+01
7.846005852835328653e+01
1.127446663696479021e+02
8.960380650574445838e+01
-8.578339348375749296e+01
-1.065622323643457605e+02
-8.872869230602785251e+01
7.850859574444532996e+01
1.126540273618166168e+02
8.952269999541481127e+01
-8.476148623354569622e+01
-1.066546623096778603e+02
-8.871851565810145246e+01
7.840240424880202852e+01
1.126834552133747707e+02
8.952672375333428079e+01
-8.574235559064469214e+01
-1.065622645355568778e+02
-8.872477773173170590e+01
7.878348985660352355e+01
1.127688872479776592e+02
8.957897013752544524e+01
-8.572361584477621932e+01
-1.072335066014603484e+02
-8.864026893939356455e+01
7.842435233249695159e+01
1.127638496538652646e+02
8.955916579247325160e+01
-8.474284227513078349e+01
-1.065587441667252619e+02
-8.871955727321717688e+01
7.881101882278336745e+01
1.128517812424754680e+02
8.949117961702785351e+01
-8.577954667221661111e+01
-1.072653458074456978e+02
-8.871889481193808535e+01
7.843283500902258254e+01
1.127815191638851218e+02
8.990489782475833636e+01
-8.471298360977505126e+01
-1.065751499275475567e+02
-8.874116266130664599e+01
7.838431796674443319e+01
1.126836466523277949e+02
8.954155055101161054e+01
-8.577322735391433639e+01
-1.072558491698055860e+02
-8.872926067773339298e+01
7.848278537724959847e+01
1.127141275600594525e+02
8.948620963744615153e+01
-8.473827486690835542e+01
-1.065655332174570731e+02
-8.872999706728577962e+01
7.840861053809025805e+01
1.126577086411255948e+02
8.951168156131757314e+01
-8.573468147122002847e+01
-1.066468478846387313e+02
-8.870621581183212356e+01
7.847887838443881492e+01
1.126565847120372723e+02
8.945510092174559702e+01
-8.474090946885387154e+01
-1.066531759491251705e+02
-8.872211252255021918e+01
7.840564331242237017e+01
1.126564061751221573e+02
8.951524711681737756e+01
-8.576587877692368522e+01
-1.066524027264469225e+02
-8.870680390992612274e+01
7.832404069679003555e+01
1.126935603313944227e+02
8.953939238074354989e+01
-8.475049012901220635e+01
-1.066534125641164650e+02
-8.873785782736977978e+01
7.821172255033907561e+01
1.127287403375394632e+02
8.981970019691001994e+01
-8.475418066605919876e+01
-1.066570288108892441e+02
-8.872324870622995263e+01
7.823619107245637849e+01
1.126450221162768628e+02
8.947734289092375093e+01
-8.578688361916591987e+01
-1.066849892855235709e+02
-8.872831195949503069e+01
7.840244428768376395e+01
1.126623552151658600e+02
8.949762114806961222e+01
-8.471818246525130292e+01
-1.066726712311210292e+02
-8.865914841781253131e+01
7.762749082363752962e+01
1.126290261269241881e+02
8.950910301034140559e+01
-8.469110450264736301e+01
-1.066420770118643446e+02
-8.871644710754581808e+01
7.816818033380734221e+01
1.126635051469035886e+02
8.942492566052980862e+01
-8.476619551819179321e+01
-1.066480208602458362e+02
-8.870135570044364215e+01
7.823741989044869172e+01
1.126450746023069627e+02
8.942938798980134152e+01
-8.572986437837123219e+01
-1.065472446296268032e+02
-8.869076186615950519e+01
7.827034138762969917e+01
1.126566000043803655e+02
8.943563274767342364e+01
-8.471068343876704887e+01
-1.066653074676151363e+02
-8.869979074835389099e+01
7.831864783946534203e+01
1.126288475275706276e+02
8.938857970655185170e+01
-8.472097020320519789e+01
-1.065614787586151238e+02
-8.867901251216269998e+01
7.829571027651481074e+01
1.126438814783076907e+02
8.945124257163296022e+01
-8.576472321937943377e+01
-1.066454443835032464e+02
-8.870578929485549224e+01
7.760188910616794544e+01
1.126736530624646946e+02
9.096361685637408812e+01
-8.471820354419625687e+01
-1.066540042460581645e+02
-8.871580699869255682e+01
7.834660821249696028e+01
1.126499486201079918e+02
8.937153323202373656e+01
-8.569210530894726219e+01
-1.066760201474357075e+02
-8.868959175191587008e+01
7.841475385287421318e+01
1.126745567575678706e+02
8.936687891830462149e+01
-8.471308045622494376e+01
-1.066658874655482236e+02
-8.868898331473441488e+01
7.835316539474776221e+01
1.126223503352133832e+02
8.946170506492703112e+01
-8.576558609933630350e+01
-1.066519825873958780e+02
-8.872590133483599573e+01
7.819484407643044221e+01
1.126677693563456160e+02
8.946346525818184148e+01
-8.471390001710985018e+01
-1.066681438947312586e+02
-8.873099241569241258e+01
7.815324368339783234e+01
1.126755509589142150e+02
8.940550903114386472e+01
-8.470376167802682232e+01
-1.066577252497737334e+02
-8.869547882788884863e+01
7.830704405083284314e+01
1.126332006690380467e+02
8.940455673305025641e+01
-8.435462390663109034e+01
-1.066375776399472528e+02
-8.868481003301843657e+01
7.824662226720496960e+01
1.126609517091142294e+02
8.938478369342702479e+01
-8.575067803407826261e+01
-1.066425235819857420e+02
-8.868706356583004435e+01
7.826028270834552814e+01
1.126083691812003167e+02
8.937162407132005626e+01
-8.476008633812163851e+01
-1.066304527982782844e+02
-8.868918965244508001e+01
7.815877718987314893e+01
1.126240206092309677e+02
8.942699057806606788e+01
-8.474734366687501108e+01
-1.066324173417894627e+02
-8.872987815288566082e+01
7.820303919398389780e+01
1.126411561964766150e+02
8.935498574985901143e+01
-8.469833335472021929e+01
-1.065550551635810166e+02
-8.866725412548508700e+01
7.759956761967143279e+01
1.126462278766072984e+02
8.942072599963003654e+01
-8.473855959688980022e+01
-1.066432081000485397e+02
-8.870013026394742894e+01
7.807995603163000453e+01
1.126417320885246909e+02
8.938155517797254390e+01
-8.467337054652779216e+01
-1.066521019573238647e+02
-8.868337737331539472e+01
7.814286129770536604e+01
1.126618611389715312e+02
8.944270638381937033e+01
-8.469619584609101537e+01
-1.066611415198672006e+02
-8.872721185323179327e+01
7.834800475694537170e+01
1.126261488663596992e+02
8.943168998122364144e+01
-8.576527872679523057e+01
-1.066792830464444108e+02
-8.868267657466832077e+01
7.766773771149171068e+01
1.126412005058080865e+02
9.093377625924887298e+01
-8.477014400981067865e+01
-1.066373569293820509e+02
-8.870604330997316822e+01
7.813511668468811422e+01
1.126161210890233235e+02
8.942510307008380721e+01
-8.577013982908397338e+01
-1.066676331411590439e+02
-8.877256240688207356e+01
7.823783316867474014e+01
1.126622289769663752e+02
8.936840399181328110e+01
-8.474580821453024271e+01
-1.066892425915677052e+02
-8.870657868699561277e+01
7.839440818885903184e+01
1.126294583443189623e+02
8.944443439549652908e+01
-8.474357023496227725e+01
-1.066463060315100222e+02
-8.876278898283459284e+01
7.824219052391669038e+01
1.126023976365138708e+02
8.943914485240760825e+01
-8.470515802857659082e+01
-1.066600116806649794e+02
-8.868438287053206182e+01
7.837854997383951172e+01
1.126195543855589989e+02
8.943295719927665743e+01
-8.575960374344403192e+01
-1.066698364312448319e+02
-8.867889117177044511e+01
7.819276099900427823e+01
1.126152273185634414e+02
8.935423255143238919e+01
-8.472989316224112599e+01
-1.066749191348101959e+02
-8.872106962977579769e+01
7.833686684141891021e+01
1.126238318149123501e+02
8.941308840870259189e+01
-8.473351276030408030e+01
-1.066627335073732326e+02
-8.872317896776891644e+01
7.831015922293617848e+01
1.126595006145740427e+02
8.947273074324709796e+01
-8.474203901330790245e+01
-1.066525677665327123e+02
-8.872598496615069052e+01
7.839947443620231127e+01
1.126464868686032901e+02
8.943452432639784888e+01
-8.573978209253070304e+01
-1.065672149916736657e+02
-8.872777710116493211e+01
7.836275192671310208e+01
1.126362234322892562e+02
8.939921745270936526e+01
-8.474977888089530609e+01
-1.066676375868483291e+02
-8.872645022979263274e+01
7.817729025299283308e+01
1.126448760560422357e+02
8.948172006816008661e+01
-8.488441644005561670e+01
-1.066505283294212916e+02
-8.870017769566453580e+01
7.827374102045499171e+01
1.126265375978068164e+02
8.941385545938301505e+01
-8.472320837227820789e+01
-1.066789157201795604e+02
-8.870084391498852483e+01
7.822948542565572438e+01
1.126018377849147782e+02
8.942248208023136158e+01
-8.578224506647545411e+01
-1.066840639280857488e+02
-8.872769515789053685e+01
7.878803732831499929e+01
1.126267532611885684e+02
8.939293615608332289e+01
-8.471053219257842670e+01
-1.066348415376636467e+02
-8.870313411699291350e+01
7.876815269927845975e+01
1.126516676821058667e+02
8.945347775319976336e+01
-8.580794100662855328e+01
-1.066541900613719775e+02
-8.871657998572766246e+01
7.768662735978672629e+01
1.126333698119474178e+02
9.085382362668767087e+01
-8.483743662930176299e+01
-1.066533593394827193e+02
-8.872931382012764345e+01
7.830949027854003930e+01
1.126482582662115419e+02
8.919988578983158334e+01
-8.573611031073120614e+01
-1.066468248350986272e+02
-8.870189608655257985e+01
7.836654368242254520e+01
1.126448654004178280e+02
8.931983502583334200e+01
-8.487685642240523975e+01
-1.066725174450062781e+02
-8.871784327906949841e+01
7.847193216874418908e+01
1.126526984294022924e+02
8.942670951798400836e+01
-8.490962928775610408e+01
-1.066555555196306244e+02
-8.876984657040266313e+01
7.828390791074195931e+01
1.126367309176053482e+02
8.935578160853658858e+01
-8.489197984975066902e+01
-1.066688349649696193e+02
-8.871476457780488545e+01
7.756830212953889259e+01
1.126686116486904154e+02
9.095161098015046264e+01
-8.473265607385340559e+01
-1.071444982824806544e+02
-8.870212332578033454e+01
7.814826811694648256e+01
1.126334154919103128e+02
8.918388220728385818e+01
-8.577804814038273662e+01
-1.066544164405076316e+02
-8.870397532750216385e+01
7.757540042650109058e+01
1.126840683595839465e+02
9.090172550045221556e+01
-8.491300606760384539e+01
-1.066690550423054873e+02
-8.870507851525243836e+01
7.827700458739437295e+01
1.126313415290027820e+02
8.924016958706808111e+01
-8.579853608378311947e+01
-1.066536242487185859e+02
-8.875780775505580777e+01
7.827166526473865815e+01
1.126310667432046984e+02
9.097061319758941522e+01
-8.472093394138116196e+01
-1.071687021165193130e+02
-8.871332881673149018e+01
7.821540917805658921e+01
1.126163077244633257e+02
8.912354159175328050e+01
-8.580343132812886608e+01
-1.066741345836095149e+02
-8.870799099858720638e+01
7.834144413156731446e+01
1.126186177286331827e+02
9.098304864229515942e+01
-8.487455782901717782e+01
-1.071523820942605028e+02
-8.872957593079404148e+01
7.830928003605205845e+01
1.125827750815775232e+02
8.924192857940018087e+01
-8.578333858722346861e+01
-1.066787287062102934e+02
-8.872274018489760294e+01
7.822019461909327731e+01
1.126097964724014844e+02
8.918683489850513979e+01
-8.473696415040937779e+01
-1.066735496638543168e+02
-8.872732296160498322e+01
7.815090614353692899e+01
1.126276770618671890e+02
9.091899011884007109e+01
-8.477012246039606680e+01
-1.071623159452185376e+02
-8.872630099339477283e+01
7.813622993004180728e+01
1.125941469419950067e+02
8.942777900390959189e+01
-8.578187909578537074e+01
-1.066678728276984316e+02
-8.871556418454352411e+01
7.819833499979904445e+01
1.125999794389621513e+02
9.092865835886665593e+01
-8.488010827354331411e+01
-1.071597393463790127e+02
-8.873701986515690976e+01
7.826734121915680475e+01
1.125718824951292447e+02
8.913977676914623771e+01
-8.571523307078230403e+01
-1.066702191466867475e+02
-8.870997341581232831e+01
7.829200364532952960e+01
1.126393128388805991e+02
9.089589406613283984e+01
-8.490750697310754447e+01
-1.071586300033468291e+02
-8.872076282149514270e+01
7.774972645057755471e+01
1.126021051944467075e+02
8.927013566949069912e+01
-8.489990238634860020e+01
-1.066777640870927399e+02
-8.870793641459414403e+01
7.816006629576287423e+01
1.126077336033449399e+02
8.922913331320459918e+01
-8.490397025080289950e+01
-1.066726973679289898e+02
-8.871487432328274281e+01
7.760325045279579115e+01
1.126183317931294710e+02
9.090389196023049578e+01
-8.473692782338358143e+01
-1.066690352029846167e+02
-8.872059164214272187e+01
7.753645321987988837e+01
1.126204079962866871e+02
8.936269302414943638e+01
-8.491918094488679003e+01
-1.066627431060548048e+02
-8.873301817987125162e+01
7.816126198565203254e+01
1.126257099236592296e+02
9.162147049466132387e+01
-8.490906827919914690e+01
-1.071579790791756324e+02
-8.871560183507961028e+01
7.818520142393677475e+01
1.118478549678388134e+02
8.987525427313372006e+01
-8.578140334799157074e+01
-1.071572490456308060e+02
-8.872973242162709084e+01
7.772358941472725746e+01
1.126606602959250694e+02
9.095318618040424496e+01
-8.494734380191960099e+01
-1.066686714844640136e+02
-8.875608271948476613e+01
7.832576438690789189e+01
1.126588311682077403e+02
8.924753145665093257e+01
-8.588317683391778701e+01
-1.066777888704232566e+02
-8.873319916523358586e+01
7.826424106012454729e+01
1.126231271732050914e+02
9.078620065283517704e+01
-8.489458323901536119e+01
-1.066801226780960121e+02
-8.869438143774593186e+01
7.815506323540593314e+01
1.126153396096301833e+02
8.922217961560174615e+01
-8.574355125729630345e+01
-1.066700722817177791e+02
-8.870528386256663111e+01
7.760408856901877073e+01
1.126068133612286744e+02
9.098005433364477312e+01
-8.489895126977609152e+01
-1.066645889716947835e+02
-8.870162377402452591e+01
7.760319982624737634e+01
1.126441002811541523e+02
8.922091779015197233e+01
-8.488464735210190781e+01
-1.066616509083161191e+02
-8.873090880893872168e+01
7.785648126972469640e+01
1.125999079802958249e+02
9.078482392885743479e+01
-8.489617775697453794e+01
-1.066809466397544384e+02
-8.872177525078876670e+01
7.749938747621226298e+01
1.126004913597513024e+02
8.920355719295257302e+01
-8.475677385951532017e+01
-1.066731092350646435e+02
-8.871449150348379931e+01
7.813706027289713063e+01
1.126017045703165422e+02
8.980751620273406388e+01
-8.486380322431728018e+01
-1.066616352990820076e+02
-8.873426309419522795e+01
7.769054473033486374e+01
1.125865293337762552e+02
8.921352685605310739e+01
-8.491671257711564635e+01
-1.066688349649696193e+02
-8.868652449953491157e+01
7.826078906647926203e+01
1.125923026728086711e+02
9.091485132843921235e+01
-8.489552477621673177e+01
-1.071277395510585677e+02
-8.872916312017136420e+01
7.764861018459644981e+01
1.125916538074571065e+02
8.904294074281004612e+01
-8.489735571671697301e+01
-1.066642839091236254e+02
-8.873057137657556837e+01
7.761332573177971028e+01
1.126058186437210935e+02
9.091979995489957389e+01
-8.488757344641187785e+01
-1.066754528908889199e+02
-8.875057573904544483e+01
7.748743994125315737e+01
1.125990872192054297e+02
9.088081207525551974e+01
-8.482311453147295310e+01
-1.072553392195386834e+02
-8.871244250990245916e+01
7.817918984351355505e+01
1.125006660614248233e+02
8.913570720868185049e+01
-8.468138742925644635e+01
-1.066813543968265918e+02
-8.872811528305763318e+01
7.756869062204748388e+01
1.125978193342943570e+02
9.077843288043314374e+01
-8.487670663698015971e+01
-1.066830206246761463e+02
-8.871285172946186037e+01
7.759435262051665916e+01
1.126055610776831912e+02
8.920794197800186964e+01
-8.487784160524867616e+01
-1.066751357984723256e+02
-8.870587771911155528e+01
7.755833608985072658e+01
1.125970830017450481e+02
9.092071079052591642e+01
-8.488228024195525734e+01
-1.066647246569890797e+02
-8.870631644061032262e+01
7.754323640945590057e+01
1.124997586788192621e+02
8.933041529426830607e+01
-8.472842394087024331e+01
-1.066774575674623975e+02
-8.872642238522142577e+01
7.758065331142971388e+01
1.126221952361020300e+02
9.090447527416958451e+01
-8.488613028251978676e+01
-1.066954792220270036e+02
-8.875731424060866459e+01
7.832122286244984366e+01
1.125597448695349527e+02
8.927387504172114063e+01
-8.577384453807864872e+01
-1.066984740963315232e+02
-8.873919822862963258e+01
7.758955048445307057e+01
1.126078348408363894e+02
9.092251074993262705e+01
-8.492546268141138910e+01
-1.067136291039813756e+02
-8.873898154531262605e+01
7.821156072994281772e+01
1.126041869549802925e+02
8.913622400739355101e+01
-8.586446078425538531e+01
-1.066918299860404744e+02
-8.870566798304356837e+01
7.818557993505270076e+01
1.126059617082998159e+02
9.094901836695977693e+01
-8.492366337154396660e+01
-1.067336682166457109e+02
-8.873745925452419669e+01
7.758239059367318191e+01
1.126229224077382014e+02
8.917239539873686738e+01
-8.490040590453907043e+01
-1.066628897570526249e+02
-8.874145716289723396e+01
7.828380298617415178e+01
1.125367512171454791e+02
8.911027688454161932e+01
-8.489618551528462831e+01
-1.066936852705606782e+02
-8.874657122771510842e+01
7.765319925408900303e+01
1.125063072176768770e+02
9.074007289516281105e+01
-8.491942137162195081e+01
-1.066761342450463559e+02
-8.866944064348197685e+01
7.809853962542126737e+01
1.125967182151358656e+02
8.919458221378513940e+01
-8.493613400055153306e+01
-1.067065745928505862e+02
-8.872497674862225381e+01
7.772178366199737809e+01
1.125295805789323538e+02
9.098222690408609026e+01
-8.490735048118266093e+01
-1.067199401676896002e+02
-8.872489689091273135e+01
7.786973392347302081e+01
1.125028946046951290e+02
8.917505613253072738e+01
-8.489185509411360897e+01
-1.066956285715128416e+02
-8.868884309622930573e+01
7.819458096065707764e+01
1.125152997233475105e+02
9.089832680297529066e+01
-8.489499617369585849e+01
-1.066777851169093339e+02
-8.875073649557775468e+01
7.764335954535344797e+01
1.125232068169139836e+02
8.940108394728099483e+01
-8.489998875810749723e+01
-1.066915901930125301e+02
-8.872831197405076864e+01
7.775088556775327220e+01
1.124917472647774872e+02
9.072678933103902921e+01
-8.485911757919041065e+01
-1.066927690113524392e+02
-8.867242385105467406e+01
7.763605344684391696e+01
1.125243744298591082e+02
8.939493577936897850e+01
-8.487144361712753948e+01
-1.066751357984723256e+02
-8.869885548176408463e+01
7.820943381730340604e+01
1.126138093471479920e+02
8.941160887574271499e+01
-8.492643284205864518e+01
-1.066680573455144838e+02
-8.872900735930696214e+01
7.752099983204189471e+01
1.125041619249891482e+02
9.092632904874841415e+01
-8.488474429477713556e+01
-1.066919767134662180e+02
-8.874642967809595007e+01
7.817593630303166208e+01
1.126431156137138316e+02
8.919570074398892245e+01
-8.583899706630576532e+01
-1.066818292728257376e+02
-8.868935263176676642e+01
7.742418981460215832e+01
1.125250350719614971e+02
9.074776086870527081e+01
-8.493067919584153458e+01
-1.067071620744363543e+02
-8.866568994160688533e+01
7.763956814547476881e+01
1.125953132332979720e+02
9.086318054564682711e+01
-8.487687369098756562e+01
-1.066774387693106974e+02
-8.873709209634367312e+01
7.753967946977070369e+01
1.125149582953045950e+02
8.914497504391576399e+01
-8.488971084819114310e+01
-1.066779021008517532e+02
-8.870850194132619038e+01
7.819585564711967152e+01
1.124865385966802194e+02
9.074589255941815225e+01
-8.492844519693311156e+01
-1.066892164664944858e+02
-8.870265488547266841e+01
7.831745079104814522e+01
1.125078443640889958e+02
8.918772960599866906e+01
-8.584770252642718447e+01
-1.066952369459994969e+02
-8.873431647150965773e+01
7.808365082656031575e+01
1.126174289782694871e+02
9.093466752084991356e+01
-8.490797644249404641e+01
-1.066609091937275480e+02
-8.871618981226504275e+01
7.783402127067387255e+01
1.126147625363886391e+02
8.916443280954456441e+01
-8.585264571069015460e+01
-1.066702468907780883e+02
-8.871936470838059563e+01
7.756364544923923177e+01
1.125222009457999235e+02
9.092575961193642797e+01
-8.492273136966815628e+01
-1.064465557386972137e+02
-8.878742421129375373e+01
7.820482813405671152e+01
1.125312134939457138e+02
8.919390512290682693e+01
-8.489653173685888987e+01
-1.066787659388533598e+02
-8.872017335798049942e+01
7.759809114827757526e+01
1.125269692017067626e+02
9.092042570350287178e+01
-8.491734935195501066e+01
-1.066817083558807155e+02
-8.871949560071215046e+01
7.815895817437206006e+01
1.125937316057020894e+02
8.910044425963026526e+01
-8.492033602595921593e+01
-1.066720610706842933e+02
-8.869843416460622620e+01
7.803124708305115576e+01
1.125140886988815225e+02
8.908724577418990975e+01
-8.488942586831556980e+01
-1.066665815769656120e+02
-8.870943464614472873e+01
7.813163226688760687e+01
1.125085425877444436e+02
9.069850508952416135e+01
-8.485300103511762870e+01
-1.066636818948748697e+02
-8.873222508279353349e+01
7.753449986447017750e+01
1.125789258387571863e+02
8.921707239444900495e+01
-8.493400768154143066e+01
-1.066879199685451738e+02
-8.872945070998358119e+01
7.819334092180470464e+01
1.125452111129207537e+02
9.093072313163230547e+01
-8.488283682403384489e+01
-1.065449151611270793e+02
-8.870642112487500697e+01
7.833007044029697852e+01
1.125373938773089293e+02
8.913364565920440441e+01
-8.585726015215465168e+01
-1.066676375868483291e+02
-8.875051033807086753e+01
7.815270607208250908e+01
1.126325275094807381e+02
9.097649707786850115e+01
-8.486701686376608222e+01
-1.072474051837113791e+02
-8.873163484565183978e+01
7.776146025624272795e+01
1.125192285337483327e+02
8.924315899897676729e+01
-8.490177483999198671e+01
-1.066906484864058200e+02
-8.868753171821026626e+01
7.772427497642414096e+01
1.125385890289522592e+02
9.075780791322102914e+01
-8.489403936946018803e+01
-1.064756748403618900e+02
-8.874734266666673932e+01
7.808888580185289641e+01
1.125080756429819786e+02
8.909696110406935077e+01
-8.586122726231062074e+01
-1.066642424405524139e+02
-8.793572175138908165e+01
8.075766284653708738e+01
1.124979332662685323e+02
8.920710336745018765e+01
-8.586309989315351743e+01
-1.071540150397653406e+02
-8.875235524029342571e+01
7.817149587366813535e+01
1.126240957996694760e+02
8.918554782499853673e+01
-8.577930401110769765e+01
-1.066605465219084721e+02
-8.868398894777655528e+01
7.819738233498954116e+01
1.125876150748474060e+02
9.124752750400745072e+01
