1.368680633031192428e+02
1.368789819260836111e+02
7.085084298915063528e+01
-1.960426667274622403e+01
-3.960582000720039986e+01
3.368309581112694673e+01
9.446684384589181604e+01
1.022306493919703598e+02
8.388306872943563519e+01
4.670200627931863835e+01
9.677679315543567640e+00
9.721249167845268602e+00
5.203928925123690874e+01
7.990812740701925065e+01
7.988489883504975353e+01
6.184789306396001507e+01
3.379825454364381443e+01
2.237459921875988300e+01
3.383652618936335443e+01
6.050494101355015175e+01
7.232942029373572268e+01
6.847175644259169758e+01
5.168321113873596317e+01
3.096744011869306945e+01
3.097150487783823891e+01
4.467669330476959999e+01
6.213636609046189108e+01
6.580912812327174777e+01
6.045397213916250934e+01
4.671565088936675636e+01
3.738953875357516665e+01
3.740473488735274543e+01
4.712055064558476403e+01
5.817535434561704477e+01
6.045301225325601280e+01
6.454493287509167487e+01
6.114629843919901475e+01
7.859653342873269821e+01
7.255404886071896442e+01
5.622093703481228033e+01
4.012577901406800862e+01
3.403392514112281475e+01
3.788234812004052543e+01
5.153083892410754885e+01
5.906457853060972951e+01
5.904296653490080615e+01
5.406384122751813948e+01
4.880351366854885953e+01
4.516471953320874633e+01
4.512483740708729130e+01
4.653366715803193898e+01
4.655404565770303549e+01
5.302711185472219313e+01
5.308590989317420394e+01
5.308429073792957098e+01
5.304885923724302899e+01
5.308459277806656473e+01
4.871504495345765662e+01
-6.693634375655814495e+01
-7.587174182989579663e+01
2.457054483581985238e+01
1.198261996355630714e+02
1.278650061515462397e+02
1.051469752372863269e+02
4.621304680440183432e+01
-5.627585327299873796e+01
-5.618622319051841885e+01
9.265347728257532367e+01
1.318207651055168128e+02
1.198297865802399116e+02
8.338940797072926614e+01
-2.414669632513842146e+01
-6.621212974512410199e+01
5.001169737377643543e+01
1.199464171291580783e+02
1.199491197342111377e+02
9.393688018276691309e+01
9.559654460771032092e+00
-6.052726025475374882e+01
-9.018643709174686052e+00
1.085620266411421824e+02
1.287442937950897885e+02
1.101875207855820236e+02
6.355305175551073660e+01
-4.794655936371177773e+01
-6.257639339518183164e+01
8.145481498706261902e+01
1.287600112301618651e+02
1.198821295668578273e+02
8.487867006325748775e+01
-2.093824150595565214e+01
-6.481699052321424404e+01
4.721168672387530307e+01
1.192756169760033771e+02
1.192579160493584283e+02
9.399815125400840543e+01
1.423696664138952173e+01
-6.084881369896443459e+01
-1.980340398933664403e+01
1.075589983030541532e+02
1.312241074872626712e+02
1.137258157899217537e+02
6.841301934565602494e+01
