1.013976739723266576e+02
1.013562791747407630e+02
3.040265985493638112e+01
-8.397393253337305907e+01
-9.644388398675239671e+01
-5.039992524448987865e+01
5.559623071026513230e+01
7.233293112056281871e+01
5.774307024926789467e+01
-1.210530638117757540e+01
-7.788188775297778932e+01
-7.803138125517469348e+01
2.046979862758361079e+01
6.743959638282436231e+01
6.271225452521508714e+01
1.898823391470759248e+01
-6.792190100388998530e+01
-7.884262041381198571e+01
-1.617852391242990606e+01
5.834338364479209815e+01
6.476614359143871980e+01
4.172826677388761141e+01
-4.288910466169244273e+01
-8.204942191704496679e+01
-5.597681783919254173e+01
4.525588968429968162e+01
6.878198055063434424e+01
5.674347308266131051e+01
-3.914757064897798955e+00
-7.607762913288756579e+01
-7.614739763199702338e+01
1.226233276601090516e+01
6.454496238369563343e+01
6.471810665054793787e+01
2.357781045059466507e+01
-6.648088942898208131e+01
-8.259535001711240909e+01
-1.900997511448039390e+01
5.773421959416305782e+01
6.554994350801396763e+01
4.439111399838074590e+01
-4.522059435713192954e+01
-7.988040725474876069e+01
-5.121258232157490653e+01
4.860116777804449129e+01
6.846630477116680424e+01
5.298745395316322515e+01
-1.951811868290358376e+01
-7.751476838628707355e+01
-7.040973116847320057e+01
2.851019830441071790e+01
6.669363544325300097e+01
6.153926094955902215e+01
7.960063878394446846e+00
-7.065788590592076446e+01
-7.688787350534619236e+01
-5.990445264945337023e+00
6.142519024122444904e+01
6.135576637877647244e+01
3.718092514150266226e+01
-5.285618465721153569e+01
-8.069320548501363533e+01
-3.917812421039568704e+01
5.321004836552604900e+01
6.798514286962395659e+01
4.931559056946684194e+01
-3.448280096600049660e+01
-8.083123811975069373e+01
-6.468174017809327836e+01
4.298020929858333972e+01
6.915355599838387946e+01
5.882487436585523710e+01
1.782552941041211370e-01
-7.582515715225126485e+01
-7.574022466790664510e+01
6.724678494257021022e+00
6.408163698522083962e+01
6.428404378613844017e+01
2.444609913322974393e+01
-5.998422959054184389e+01
-7.802109834067016436e+01
-2.571462953688008213e+01
5.405497736910061235e+01
6.406894492040402156e+01
4.586853530688290448e+01
-3.761501516489013142e+01
-7.884450259631518065e+01
-6.067909611442488682e+01
4.121838308284205254e+01
6.875426905768485142e+01
5.827023984847746618e+01
-2.303836310978919499e+00
-7.663391429950556244e+01
-7.666026230337401159e+01
9.813546843495059235e+00
6.502258113007329143e+01
6.525225435500468052e+01
2.869045913487341082e+01
-6.774066519795147201e+01
-8.212564588481153294e+01
-2.773531830093986628e+01
5.729651754196089541e+01
6.625365541591982321e+01
4.702717453993707153e+01
-2.901713584435194804e+01
-8.000102186564180329e+01
-6.804152621865144113e+01
3.586779474722330718e+01
