1.331346872760813653e+02
1.331216265924132927e+02
7.800222093613976426e+01
-2.604123378256251797e+01
-6.364256202058952283e+01
4.664735188839868840e+01
1.083674201393033911e+02
1.090860855328103440e+02
9.013686042713617041e+01
5.191734883757249719e+01
-1.329051026663529633e+01
-1.351725679698978766e+01
6.783437191241618791e+01
9.749969033798659268e+01
9.280842038872000899e+01
6.903341022595299137e+01
2.012875529185659929e+01
-1.808467663878687048e+01
3.014489056170229730e+01
8.530239065219655004e+01
9.393024983550004947e+01
8.087602685676135650e+01
4.628918400784814935e+01
-1.760713470375762979e+00
-1.744827589065695461e+00
6.537496052903634336e+01
9.291200325647372438e+01
8.880043237133060074e+01
6.497153745827876037e+01
1.515910168328542795e+01
-1.310879720646443047e+01
3.988511175451928636e+01
8.704188704520103670e+01
9.089896983553026644e+01
7.665173941916954448e+01
3.940327089438237351e+01
-1.791470967219393362e+00
6.698988229346691803e+00
7.115116759978866412e+01
9.175110580286118989e+01
8.415249428684536781e+01
5.947532559147989417e+01
1.108367836655400751e+01
-7.395653181979830570e+00
4.988283453519329669e+01
8.794527964895962668e+01
8.792507475688013585e+01
7.059254072084797826e+01
2.955543317143646931e+01
-6.987833320510593360e+00
2.040549871248282088e+01
7.802333629512445157e+01
9.172259687941071604e+01
8.191499602237868771e+01
5.188756919831354253e+01
2.197372146392720715e+00
2.130150055960097877e+00
6.184382355766162220e+01
8.880610623280573179e+01
8.514691796665685786e+01
6.299535244625801056e+01
2.061068575836935324e+01
-6.925003991584920193e+00
3.693323226368752898e+01
8.316727047378064697e+01
8.883209528013387057e+01
7.491707799098442422e+01
3.945063714724336279e+01
-1.791206382466727476e+00
1.171263839650599436e+01
7.102434969297027578e+01
9.100348073301714180e+01
8.294353135012256928e+01
5.642547474204226177e+01
1.159037321309821422e+01
-1.746550343147783790e+00
4.988382457143651294e+01
8.525635846826178010e+01
-5.980619037034399099e+01
-6.286110306146172633e+01
1.122948138461540850e+02
1.340525779359309979e+02
1.209663184395396769e+02
1.230281981778891378e+02
-1.029284420635325006e+02
-1.173048455447384129e+02
1.182098380230069097e+02
1.413006158575979612e+02
1.262825969288572452e+02
1.130128511068182320e+02
-1.015457343561517263e+02
-1.125947001100023783e+02
1.126050258961146255e+02
1.449934629183660775e+02
1.309745129270542066e+02
1.126428864922062587e+02
-1.008736784345248907e+02
-1.099218344478770319e+02
1.132790250192075376e+02
1.475056344505759967e+02
1.334389482779652951e+02
1.136671853520492164e+02
-1.009269216020021389e+02
-1.094640857922654078e+02
1.133999747163185958e+02
1.480329489612075236e+02
1.338099273547753398e+02
1.135906327808640270e+02
-1.011879392476530199e+02
-1.088096418478659899e+02
1.137174852441925310e+02
1.485178230646464499e+02
1.337905989110510916e+02
1.139366772215489760e+02
-1.012764408000016800e+02
-1.087681686347115004e+02
1.138108308315802049e+02
1.485193567257267659e+02
1.337828998314059277e+02
1.139267782293805880e+02
-1.013257554014433737e+02
-1.088329808828257512e+02
1.137681471522802070e+02
1.485289210400802062e+02
