1.446021651755270341e+02
1.446006673857243072e+02
9.334015235811934019e+01
3.338762685982164413e+01
-3.680676158379313989e+01
-5.520952029798895211e+01
-3.962429237561607920e+01
-6.965407283632001345e-01
3.019347700399411494e+01
3.026375841658628119e+01
1.530294976368806736e+01
-8.939742652315786131e+00
-2.069006885778248872e+01
-2.065932883271018028e+01
-5.373628349405445981e+00
1.103543511851045444e+01
1.101279570959142973e+01
1.100790643103866806e+01
2.956581736215324607e+00
-5.872927235881531871e+00
-5.782834851557438149e+00
-5.790560609982676965e+00
-5.740545594920469341e+00
-5.711954641031094404e+00
2.996607521535030738e+00
2.976010718364487051e+00
3.027018456543331126e+00
3.035112967192504119e+00
3.077366907050238520e+00
3.011459540338246033e+00
3.043714627485273994e+00
2.999906853430639231e+00
3.010206594598753949e+00
3.075847070074424927e+00
-5.906238494977421816e+00
-5.928708359314409648e+00
-5.945603786352173792e+00
-5.990625007365322219e+00
-5.965695198487860118e+00
3.530676370871966174e+00
3.530900681527112006e+00
3.580261725645872417e+00
3.558705957654267227e+00
3.572396827985778955e+00
3.559062888681562065e+00
3.570539026802643789e+00
3.573320342123162963e+00
-5.943136725377693885e+00
-5.989742921284473276e+00
-5.973001544389606288e+00
-6.019038203380987717e+00
