1.378366557525365863e+02
1.378183962677096304e+02
1.070520772956475497e+02
9.978365356505848638e+01
9.977976872113906381e+01
9.977965430776079359e+01
9.979916734923475019e+01
9.980640500945126803e+01
9.977050499068573686e+01
9.976148912294871707e+01
9.979059532243093145e+01
9.979894811570990498e+01
9.978282428806045345e+01
9.978223978646649073e+01
9.978412982824573874e+01
9.979049454370939998e+01
9.980289500956946824e+01
9.979604519187725487e+01
9.978806823302709006e+01
9.979544407078336121e+01
9.977139430709448220e+01
9.977012119835279691e+01
9.977670787110481854e+01
9.977596344377766968e+01
9.978257785862410856e+01
9.633420489896293759e+01
8.662715761890706290e+01
7.704646799155077019e+01
7.873128962657870034e+01
8.474305284406671035e+01
8.894916448720202595e+01
9.249405570365519225e+01
9.494384718213895269e+01
9.649897457453830896e+01
9.650909479786987788e+01
9.875612496162221987e+01
9.874577177019391172e+01
9.874957149405436496e+01
9.872310360719444589e+01
