9.934426031997512041e+01
9.936653762489174824e+01
5.996701648852717170e+01
4.888671564863361141e+01
3.984422760311692713e+01
2.862898988608240458e+01
2.209158711558639254e+01
2.193990068491829248e+01
1.191800274127416692e+01
1.187187193302284882e+01
1.274700579493401653e+00
1.253913403355777723e+00
1.307806001022747910e+00
1.348409108529120992e+00
1.263182429344603896e+00
1.321170872920979456e+00
1.199827630819113589e+00
1.288949890474535565e+00
1.321546273606931665e+00
1.311793878241855893e+00
1.247433083773547668e+00
1.291826356927733954e+00
1.278981272543756598e+00
1.329951179457251387e+00
-7.663024770714416789e+00
2.836613497879878665e+01
2.839989850426226781e+01
2.838775116945243582e+01
2.103370576677609094e+01
2.100430896643005596e+01
9.237360760788504876e+00
9.074371138584520935e+00
9.046185898465362030e+00
9.073264517386897765e+00
1.452864127106426428e+00
1.489531522539171426e+00
1.439957589104234881e+00
1.375945427410435684e+00
1.488528471282443588e+00
1.413633613474184036e+00
1.668371453304973073e+01
3.587219859432308056e+01
2.942163184087816674e+01
2.930732187652581189e+01
2.230743902530937461e+01
2.228805909263979501e+01
1.397512445387853219e+01
1.395263827423191039e+01
1.395663081000163075e+01
8.105490134003538572e+00
8.063215534786866812e+00
8.021344028749989974e+00
-8.250743992254419568e-02
-7.081734249757418165e-02
-4.311990936861261753e-02
-7.252913347378459052e-02
-2.191389848541178478e-02
-6.271079609947879940e-02
-6.769169257478171997e-02
-7.366231074200889350e-02
-3.912977333466149954e-02
-9.466112323331100920e-02
