1.392968599730726851e+02
1.392474987133649904e+02
7.004989248869587470e+01
-1.587290919527010580e+01
-3.460425282521941170e+01
2.781106035389309028e+01
8.947778221862358805e+01
1.001250225687982862e+02
8.370041317164486827e+01
4.926483030597741219e+01
1.663991541132669028e+01
1.670672317309740507e+01
4.538037449507957177e+01
7.185101052999601734e+01
7.427552660316825950e+01
6.326911378670570940e+01
4.256579068185642711e+01
3.065880226053298330e+01
3.287036964075847578e+01
5.179329297926193476e+01
6.353423705228908602e+01
6.355350382379137386e+01
5.580358953015817036e+01
4.515883318199645657e+01
4.100310641702041892e+01
4.098136600003189045e+01
4.746057490498586873e+01
5.594026346514880288e+01
5.595936622117218917e+01
5.596905157785084128e+01
5.132046990519746288e+01
4.700390914661973341e+01
4.704459450600846537e+01
4.701672948144733510e+01
4.707091835464236595e+01
4.964417208494059963e+01
4.969074453320936868e+01
4.970950362993821869e+01
4.970178355888272392e+01
4.971963193419582439e+01
4.968331492497599555e+01
4.967096719216107203e+01
5.425258965110774767e+01
5.426340210052499913e+01
5.426765013326817666e+01
4.920227583093898716e+01
4.915710352080811418e+01
4.919021302486594038e+01
4.919316662841114152e+01
