1.221013611766059483e+02
1.220907475461284264e+02
8.561580667408335898e+01
7.113529197743491750e+01
5.712523542017488865e+01
3.977246943257861034e+01
2.115260370008627433e+01
4.192526734107347330e+00
-5.223698485112962864e+00
-5.213665196073642427e+00
-5.263952761670104508e+00
-5.243017822734775457e+00
-5.193972889438378537e+00
-5.221728342998194883e+00
-5.547981790696307769e+01
-1.096401793269700704e+02
-1.046530424969809303e+02
-9.309532816702217417e+01
-6.631387733498338832e+01
5.746186619759973979e+01
7.583360194921561970e+01
6.492875110316930432e+01
-2.080612798060282209e+00
-7.551438833652692040e+01
-7.545394745493720734e+01
-1.851677249025781080e+01
6.632498679841832256e+01
7.103937259796629178e+01
4.931039914651586997e+01
-5.206539773478209554e+01
-8.088728553240090946e+01
-6.673031896257744222e+01
4.208394560355185376e+01
7.413997849478957392e+01
6.817328630051534333e+01
-1.655269110354516515e+00
-7.564112212979945582e+01
-7.583574859724026851e+01
-1.891456652253240023e+01
6.659228062439896689e+01
7.110418014004635268e+01
4.938917004312024517e+01
-5.225186219268410781e+01
-8.053297801786590071e+01
-6.695630889673380182e+01
4.382024079485710644e+01
7.442141361314652670e+01
6.845934248761199115e+01
