9.446653479443045853e+01
9.468983708667190058e+01
3.506682989020823982e+01
-8.487810970387766218e+00
-3.550688338081271667e+01
-5.241459813749896313e+01
-5.953579590692114465e+01
-5.960136833760336117e+01
-4.993751325425326826e+01
-3.164887478993945891e+01
-1.175428398991359202e+01
3.663659802320236469e+00
1.281782359529161042e+01
1.578553677797527577e+01
1.660681925533663872e+01
2.112087966529392702e+01
2.111966916127192562e+01
2.106889522479510291e+01
1.232293771257496928e+01
3.203338928584280154e+00
-9.582183014951866085e-01
-6.980963414105537446e+00
-1.152316010957816772e+01
-1.157978898581545124e+01
-1.158989993888995862e+01
-1.166470679423409251e+01
-9.108335226043074329e+00
-3.933412854656525681e+00
1.384723608776071035e+00
1.427225016360171406e+00
1.388649507575284714e+00
5.854503840921529090e+00
8.285010146714203216e+00
8.238923018374800122e+00
8.262474184647857101e+00
7.890563025386375884e+00
2.943954077814341375e+00
-1.128443505900780686e+00
-9.870208599341765421e-01
-1.115637554892410233e+00
-7.091552929583392562e+00
-7.015894913677569456e+00
-7.075079652032948196e+00
-7.085758984826364681e+00
-7.029497702202868403e+00
-7.011956948089335562e+00
1.370248909277318239e+00
5.941258657282234346e+00
5.858030993724087310e+00
5.859533482368568968e+00
5.871959607662003755e+00
5.938167959001869889e+00
6.004571164952617224e+00
5.843364103472294069e+00
6.454612250740870971e-01
-4.372376741079837537e+00
-4.366107990687418727e+00
-4.326846879561601078e+00
-4.308445989510958363e+00
-4.335318120057819691e+00
-4.434275514197048906e+00
-4.336100347372339847e+00
-4.354821704678686345e+00
-4.417414125018119364e+00
1.452457833157586364e+00
5.872737460225875061e+00
5.842791923025004053e+00
5.806799277784453928e+00
5.805028083172864228e+00
5.696173896775578172e+00
5.781888387266556961e+00
5.871045127865279767e+00
-1.093478604995320680e+00
-1.097030880317953150e+00
-7.108587692414079839e+00
-7.198375317882633517e+00
-7.129855587612347279e+00
-7.063964203752617799e+00
-6.987885485894541837e+00
-6.428082134652960633e+00
-8.781270800909981578e-01
3.921678148426093191e+00
3.877666064574051941e+00
4.009938644575450795e+00
3.929337281030418794e+00
3.982953118271227222e+00
3.951772981546447738e+00
3.972802912115714680e+00
4.009496625032443085e+00
3.947066456985177219e+00
3.683165977117742962e+00
3.785821734716286358e+00
3.899216030489699225e+00
-4.420864986690637544e+00
-9.360114892293205813e+00
-9.321023615866057099e+00
-9.268358706440174899e+00
-9.314512584413080276e+00
-3.571247399332047046e+00
1.411693693281365070e+00
1.411034811669525268e+00
5.742670162309035042e+00
5.768059018079472189e+00
5.830711697480064792e+00
5.877297594716536011e+00
5.794396687037996152e+00
5.774261016181510442e+00
5.770784529359061388e+00
-1.082321571495061807e+00
-1.234762451470971412e+00
-7.069704436928046398e+00
-7.100871650199656493e+00
-7.078901201771713225e+00
-7.151474974456760947e+00
-7.053918899648929042e+00
-7.142271359889102555e+00
-9.494008625150381908e-01
3.919046539154199316e+00
3.835890302987284617e+00
3.908444852448498708e+00
8.209285967002314166e+00
8.049665740999701669e+00
8.147827750454299078e+00
8.176544068959531231e+00
2.810942236079624124e+00
-1.104867534997440837e+00
-1.138312394609642286e+00
-7.024736087698464360e+00
-7.047262328032708467e+00
-7.016011559963523325e+00
-7.121712256041300648e+00
-7.116437163114514242e+00
-6.946145120207765977e+00
-9.748606253295223345e-01
3.833489191679906760e+00
3.747114662255561335e+00
3.858120166140211360e+00
3.817345229521685201e+00
3.789324343244558690e+00
3.851057654499395966e+00
3.935483285138709597e+00
3.918569356610050569e+00
3.739455158078775376e+00
3.670439447618937923e+00
3.867855481175146437e+00
-1.233521090618341143e+00
