9.739472652184103652e+01
9.800659960891270828e+01
2.946659082218985759e+01
-1.987299994770983957e+01
-4.515238593691434943e+01
-5.286252341650402542e+01
-5.286297667122423860e+01
-5.282963464579188440e+01
-4.553640443614016675e+01
-3.214919140798668451e+01
-1.204128914019727148e+01
4.011894241587082632e+00
1.420828796122087390e+01
2.180701568250189482e+01
2.173217301127241541e+01
2.174421575785486382e+01
2.171392882141192615e+01
1.612432779020564766e+01
8.895335602065017611e+00
1.374413897730325296e+00
-3.997577912913873099e+00
-9.482457587037767865e+00
-9.628769898068224364e+00
-9.698219167877978109e+00
-9.549799303414333806e+00
-9.623916916055669901e+00
-9.633294580760047410e+00
-9.539316996253083047e+00
-3.396573685407481502e+00
4.068836482455473025e+00
4.262040107861785998e+00
4.190362468269937857e+00
9.365959258029675993e+00
9.374010367919019870e+00
9.304254184919713566e+00
9.341490326474412242e+00
9.343823268421768802e+00
1.360399258046331994e+00
-3.735252150690332673e+00
-3.750480475455510998e+00
-9.683562253471430736e+00
-9.718939560408397682e+00
-9.682309895207367845e+00
-9.654766562369353267e+00
-9.662294241544309159e+00
-1.103181325700687720e+00
4.119148324764749347e+00
4.252358466808596305e+00
4.177496112577477660e+00
9.274781895991763392e+00
9.224853201066785857e+00
9.261958109521268412e+00
9.347726363799161220e+00
3.594015954342915986e+00
-1.815702840463170986e+00
-1.833976389051198419e+00
-6.759834985086360604e+00
-6.762833909591452475e+00
-6.699591084669060059e+00
-6.756498803612317694e+00
-6.740552918945250660e+00
-6.736819296979729366e+00
-6.768945720341205785e+00
1.882498532569510274e+00
5.619493223735282150e+00
5.652272220754205989e+00
5.585065216295255652e+00
5.670673377994909892e+00
5.561763404725990512e+00
5.611107713467005986e+00
5.631702200393153390e+00
5.664484828373708147e+00
1.172275681243385659e+00
-4.005631750534689672e+00
-4.047556798465054229e+00
-4.102715646503574121e+00
-4.088488137911322262e+00
-4.080732608688968810e+00
-4.028368483317943394e+00
-4.081264131486354252e+00
-4.049116457086488374e+00
-4.088491708151947179e+00
-4.089045906586879831e+00
-1.356818436501787239e+00
-1.165682335135127978e+00
4.081063692072069315e+00
4.192761847905697614e+00
4.243063123020275995e+00
4.211854225217105174e+00
4.162246115975428040e+00
4.222618700614893861e+00
4.197912785739760899e+00
4.180502519017090357e+00
4.117688297714086509e+00
4.123356586770529297e+00
-1.749639246303669182e+00
-1.756347548278409887e+00
-6.758296405852766142e+00
-6.771594067413191809e+00
-6.768203978829417267e+00
-6.704893370914335904e+00
-6.703427839790416343e+00
-6.641366589127075670e+00
1.650887801237935992e+00
4.090577203483747759e+00
4.275495518890607194e+00
4.230342440550812100e+00
4.196458526292146551e+00
4.266721311681293649e+00
4.172162659791554873e+00
4.240819809311778599e+00
4.194996992005658676e+00
4.150417452593586631e+00
4.199836959096666433e+00
-1.711318733255806190e+00
-1.871138153364693801e+00
-6.680484502163833049e+00
-6.645729775210630130e+00
-6.725922244917238224e+00
-6.747599126922153800e+00
-6.709981414143825873e+00
-6.665232870404100396e+00
1.977964223674177902e+00
1.961460249608692585e+00
2.022749410187178576e+00
6.022704630398611592e+00
6.080389420599845884e+00
6.088556837968805979e+00
6.072464258549739924e+00
5.990827944619221412e+00
5.950259188644093200e+00
5.983824592768208994e+00
-2.325692010187200509e+00
-6.637268206689001637e+00
-6.774774687068409129e+00
-6.712401140209201422e+00
-6.751867596583159603e+00
-6.789884617410500312e+00
-6.672689644840072987e+00
-6.737906622760696962e+00
1.860628332570368082e+00
6.017526307146328968e+00
5.990741274337100464e+00
5.953602966232323546e+00
5.927665996367200485e+00
6.023562846627376288e+00
5.985708215845170876e+00
5.953362422806816490e+00
1.217538944072028340e+00
-3.713634297577184551e+00
-3.688631605890219323e+00
-3.698556604321535435e+00
-3.649464924597595861e+00
-3.677631607984644280e+00
-3.611029787057435492e+00
-3.582735531414588337e+00
-3.652987922222416639e+00
-3.669643648405821246e+00
-3.698624661558552074e+00
-3.700202297751354230e+00
1.847794567564803092e+00
1.944681610380901038e+00
1.992279677495077950e+00
6.241941497203746358e+00
6.314682877642103342e+00
6.253159889679634986e+00
6.318236485079507858e+00
