3.404202078950957855e+01
3.402251177840705054e+01
3.817328534525228179e+01
3.247509374465480647e+01
1.995916725188621399e+01
5.222789327420834127e+00
-1.330029246749263372e+01
-2.833868289214549208e+01
-3.572089167886876027e+01
-3.580616686879151445e+01
-3.120138849641450918e+01
-2.393066427097205562e+01
-1.777099036497378748e+01
-1.307893962144486544e+01
-5.410227255333095897e+00
1.765707196801426848e+00
1.856524002325672829e+00
1.887965526953491846e+00
7.721606071838538199e+00
7.852454252938422918e+00
7.812510726047277920e+00
7.896421642277661412e+00
7.921629601795424414e+00
7.933357234082542675e+00
7.830483350094630701e+00
7.876484666646585531e+00
1.438309022619993938e+00
-3.835971985594274880e+00
-3.763013782410231656e+00
-3.713617681560406947e+00
-3.871603070440595928e+00
-3.797691765067282788e+00
-3.827508205031854072e+00
-3.730684516646173066e+00
-3.744550053418357116e+00
-3.824875452658515140e+00
-3.719484495699858062e+00
-3.757096629830458223e+00
-3.806350937326940187e+00
-3.781836218483913825e+00
1.245001640303923796e-01
8.751537440445625315e-02
1.749234348268992045e-01
5.735437173474914552e+00
5.674342774540635403e+00
5.665919549032530256e+00
5.645124884754867622e+00
5.627921898975755788e+00
5.616102514230938425e+00
5.687044241025598801e+00
-7.373829205766283534e-01
-6.791510921274084289e-01
-6.985341506515944099e-01
-7.207769171659061946e-01
-6.246737587330501107e+00
-6.219089261475417629e+00
-6.289233690392541654e+00
-6.274940403561413582e+00
-6.292479854788409099e+00
-3.164670233598078308e+00
-3.132162174208907857e+00
-3.193800648849222767e+00
1.866655730972636817e+00
1.920887816104504875e+00
1.940740733952985408e+00
8.107305113911182914e+00
8.294248317336636589e+00
8.305386432900355942e+00
8.283141464359580652e+00
8.400143373893508070e+00
1.219472275049120924e+00
-3.765548538727399919e+00
-3.701227204687479233e+00
-3.725173829575632478e+00
-3.786335226725786818e+00
-3.791252779044972598e+00
-3.736726991547213661e+00
