4.615153568629893499e+01
4.618156183800755343e+01
4.617074750527772409e+01
3.860178728207920784e+01
2.198820837157978403e+01
-7.583020214259682312e+00
-4.536694746151156465e+01
-5.951718812585937712e+01
-5.404381247971296887e+01
-2.643023818147641535e+01
-7.307449032688436041e+00
-7.322528528042659524e+00
-7.129123786057248502e+00
-7.143766090911188194e+00
4.285058834655155913e+00
4.265971826348005536e+00
6.729689532252466222e+01
7.410060765550555573e+01
7.123457775083672061e+01
2.528485936452151961e+01
-1.266525486810672518e+01
-2.830080625418747076e+01
-3.473058991445055455e+01
7.325664331825826991e+01
6.459942436153549750e+01
6.784803138086378738e+01
5.964576797193996072e+01
4.800209115768744539e+01
3.444844564594665570e+01
1.181251450005978576e+01
-1.763370908876691701e+01
-4.982406075214152708e+01
-6.490000155716366237e+01
7.372711230207033850e+01
6.859995601048568403e+01
-1.431722719778832129e+02
5.700127292176602367e+01
8.579300093039886121e+01
7.354465111992639947e+01
6.357328474594633860e+01
5.460641582357779100e+01
4.189959117252944054e+01
2.102186978337103795e+01
-1.703027906743635711e+01
-6.323918983554673900e+01
-7.713442840328244188e+01
-6.641923293257904959e+01
-2.719286488330358509e+01
-3.059157579649180558e+00
-3.018046584483852879e+00
-3.082828882723339436e+00
-3.113500203011704937e+00
-3.038861685617317399e+00
-3.042984207602844826e+00
-2.862269159752269143e+00
5.637923049494244054e+00
6.026974022646154339e+00
5.837100784451974000e+00
5.927938492354202893e+00
5.929080623378940373e+00
6.040634758609392918e+00
6.094536977191189919e+00
-3.038029696000332791e+00
-3.042422341159335186e+00
-3.056919083921228797e+00
-3.092703157079758292e+00
-3.258342207454534734e+00
-3.112553245691787041e+00
-3.211232539324053725e+00
-3.158546456147154124e+00
-3.045399579166709447e+00
-3.178658354776128014e+00
6.618526634550046595e+01
6.695093811201573430e+01
6.641675908222327962e+01
6.684329505660684845e+01
6.732949551280169942e+01
6.941140062871359362e+01
7.078591145986597155e+01
7.215826841480701148e+01
7.017215773499238196e+01
6.941861708416799104e+01
6.835799790448830038e+01
6.933559146369638881e+01
7.498284813981112507e+01
7.203070063399172795e+01
6.937014572715310123e+01
4.722862989870492356e+01
3.022262250406703643e+01
9.090928310409974955e+00
-2.371267018616289235e+01
-5.348891586834022149e+01
-6.352269828247492001e+01
-6.351728950269112062e+01
-6.061039972854602098e+01
-4.680494768179325149e+01
-2.987008312238134167e+01
-1.561517102200493134e+01
-4.149012141243882290e+00
2.273033913466838474e+00
2.297762264767292617e+00
3.938932867967302354e+00
1.214831186266911089e+01
1.213010868296333378e+01
1.213683893877558617e+01
6.650765008889413821e+01
7.030068621215153257e+01
-3.483561277710175830e+01
-7.256863845703934146e+01
-5.062382843607815630e+01
-1.554657196905081129e+01
6.588705246416373118e-01
6.292633506522543607e-01
7.672662836295448585e+01
1.208790114899674784e+01
-2.399779488721022602e+01
-2.392854681933598116e+01
-9.524184013551076688e+00
-2.678373447053440382e-01
-2.108665408044245737e-01
-2.447397999154066472e-01
-1.169556209173605726e-01
4.785379019352725471e+00
4.692976178066407655e+00
4.777990507472945403e+00
4.763024391339965469e+00
7.189971021269705886e+01
4.748885270074750586e+00
-3.643136475645287220e+01
-3.648385382984567826e+01
-2.021119336620095197e+01
-9.839348573887157556e+00
-4.044083397863629692e+00
-3.974693497716565993e+00
2.077188468697016344e+00
2.122352839770970778e+00
6.936463486067403039e+00
7.030519514358083200e+00
6.928693517053845952e+00
6.964298555651303069e+00
6.976313914555705153e+00
6.979579260957686770e+00
6.976001589449826845e+00
6.988522778707874750e+00
-6.634536942246120894e-01
-6.805262838305019546e-01
-7.253654238470804705e-01
-7.296686630566027176e+00
-7.324332384292124409e+00
-7.313297298128709656e+00
-7.340501989803550842e+00
-7.342479657296719253e+00
-7.400143838329693580e+00
-7.297226371240464360e+00
2.288036530723539741e+00
2.242370937726779090e+00
2.314001168342354919e+00
2.344867649613248783e+00
7.061170855450503936e+00
7.089552474056703524e+00
7.039759036405932591e+00
7.101394856621996432e+00
7.059578559549271048e+00
7.117104822267537045e+00
1.599759687749252812e+00
-4.895436974101167849e+00
-4.878941037077004772e+00
-4.848766295674923121e+00
-4.908565996087455474e+00
-4.878551770553348099e+00
-4.935179892901762067e+00
-4.926657931472248286e+00
-4.863055926847375865e+00
-4.850468292962823114e+00
-1.202168842007684119e-01
-3.584763351659470132e-02
-1.144011022801519478e-01
4.818521276333370906e+00
4.774294957337877676e+00
4.786189440636965386e+00
4.795610562683839007e+00
4.873017343105932042e+00
4.808577839006396459e+00
4.814943050799096902e+00
4.768391864821376558e+00
-6.826327498348302436e-01
-6.903969259859481511e-01
-6.278276227801627973e-01
-6.552095786279047429e-01
-6.756402466355552860e+00
-6.807896989748768668e+00
-6.770453194864349378e+00
-6.799803656480038150e+00
-6.862056645214343220e+00
-6.799486656522857331e+00
-5.056061454054316950e-02
-6.172327961066647467e-02
4.741038291826906281e+00
4.830528401074379197e+00
4.817480404313905673e+00
4.753607719426615752e+00
4.744249412710236591e+00
4.763110229201811485e+00
4.794843128740849281e+00
4.839212011599110852e+00
4.808864268172647449e+00
-7.156965818984784011e-01
-6.382531726843928555e-01
-6.460243376772798474e-01
-6.738758907571167356e-01
-7.698299771788497559e+00
-7.688992083622358642e+00
-7.691097647988052621e+00
-6.992073284394810351e+00
-7.028635048040938749e+00
-2.062374544761566911e-02
-1.139451221659338112e-02
-5.867519897821701913e-02
4.854700546533363692e+00
4.787025175056672133e+00
4.861197156388186613e+00
4.898546555718860773e+00
4.838676813316680203e+00
4.779619471850836021e+00
4.759280314607311269e+00
