7.576656258882917427e+01
7.577828399741220267e+01
6.933608828208441821e+01
3.939477095486783753e+01
-5.674256958994561018e+01
-9.635879656141558769e+01
-9.367391378440862582e+01
-7.394442008069894712e+01
-1.544949611255135480e+01
3.435237570296347087e+01
3.437452782230312920e+01
2.763117390206990720e+01
4.941473228886810176e+00
-1.768524992359727932e+01
-1.758807147822974315e+01
-6.947291875895659885e+00
6.361436424066480022e+00
6.694496685452507201e+00
6.813984686034634031e+00
6.743756577423408061e+00
6.705283964240922323e+00
6.619113974844158754e+00
-8.310304887263900042e+00
-2.565741131938262143e+01
-2.557596933758335567e+01
6.593182761843204176e+00
2.837430758024638422e+01
2.840905959926480762e+01
4.998671111566199698e+00
-2.457330514013012746e+01
-2.458479977680186934e+01
-6.904029248523852580e+00
1.191578774296522525e+01
1.219890144538266874e+01
1.218392075832317012e+01
1.212492066938699686e+01
-3.183688719180760796e+00
-2.566925817997001502e+01
-2.573834065046607122e+01
-1.196788335951322058e+00
2.349448443243578666e+01
2.341269644538148498e+01
1.147873170355235040e+01
-7.993606132219128746e+00
-2.580355532246449002e+01
-2.554679249894123316e+01
6.689703269398001417e+00
2.835535752126427411e+01
2.830632618271549461e+01
4.914385307321181173e+00
-3.214408769554094647e+01
-3.214471850564985544e+01
-1.536070111711026920e+00
2.278889557189024728e+01
2.281952885420755095e+01
1.092280639470929771e+01
-8.087148961331212860e+00
-2.554769754615252708e+01
-2.539786938059508969e+01
6.921340602977530843e+00
2.823182770471839476e+01
2.823157139518202996e+01
4.911635441813492875e+00
-3.199413608693875233e+01
-3.177385297277292864e+01
-1.397224906575305514e+00
2.279758379442449012e+01
2.286597284781192130e+01
1.102674556942143269e+01
-7.801642160445926955e+00
-2.565394952727038813e+01
-2.560946310348092680e+01
6.785857173920674335e+00
2.841666036072259871e+01
2.829746255788417031e+01
-3.021516761172868826e+00
-3.173885743923661806e+01
-3.191919992082601709e+01
-1.266485806459416885e+00
2.826688479779549823e+01
2.824958671400573351e+01
1.095366465747770235e+01
-1.797248305042049310e+01
-1.802175772938219467e+01
-1.786484416183384738e+01
6.692395392976288271e+00
1.872227701057233773e+01
1.864909065720765469e+01
4.991524488195745235e+00
-1.787748444750132393e+01
-1.800794213836622859e+01
-1.799123049462751922e+01
6.586632247734421242e+00
2.258773455956181664e+01
2.259822824922991202e+01
4.893689775425696276e+00
-2.552484802194672397e+01
-2.558963595840383221e+01
-6.246538314156969030e+00
1.878498580178174393e+01
1.890886230637165610e+01
1.881464214421346171e+01
-2.944146586867387505e+00
-3.205755402726870784e+01
-3.199621082264296135e+01
6.744389507512100757e+00
3.195650753332396476e+01
3.188540813382181227e+01
4.971763101415786146e+00
-3.194653426815402142e+01
-3.183728977018274264e+01
-6.360014167441566002e+00
2.261942158120206869e+01
2.252991528347690320e+01
1.087355837359610966e+01
-7.979566822280218297e+00
-7.935462617762466309e+00
-8.008686960706683067e+00
-8.114944173540250105e+00
-7.843817020698382159e+00
-9.991743835823810871e-01
1.209447693684592551e+01
1.212840084792042994e+01
1.201357256614614322e+01
1.223777579627537548e+01
-8.133524746303562480e+00
-3.210050018080782053e+01
-3.206955721749412902e+01
6.855517980166431435e+00
3.200297575577779696e+01
3.196753934921036944e+01
5.013362203891734481e+00
-2.557672694534388569e+01
-2.571003595799347963e+01
-6.387297235109009819e+00
1.129199336496274597e+01
1.890171558185786438e+01
1.894865618550854691e+01
-3.152243588750948344e+00
-2.543604228628259634e+01
-2.563161303375145650e+01
-3.268990053677967578e-01
2.342005778254818793e+01
2.348252363053311242e+01
1.086207019616323421e+01
-7.814303844503370122e+00
-2.558250547013617293e+01
-2.560405301791723787e+01
-1.219178892655510937e+00
2.287848835840359030e+01
2.277542965584051871e+01
2.285536794419266471e+01
-2.982091012057149548e+00
-3.873516639113172033e+01
-3.861702350758486091e+01
7.000848787150456332e+00
3.474931870885057350e+01
3.482163100063868910e+01
4.976796876627393118e+00
-3.211634931439702001e+01
-3.221082091615007670e+01
-6.449871409870388206e+00
2.336207231419968267e+01
2.340704170285550845e+01
1.084621942726599819e+01
-8.099005094923350967e+00
-7.989202337401055232e+00
-8.107767938320991519e+00
-7.941534481707523518e+00
-8.135887707248087963e+00
-2.833501993265334362e-01
-3.821304837980319443e-03
-1.998974870611509025e-01
1.220919221899733031e+01
1.233781851404680197e+01
1.214970103052686135e+01
1.228865356319263036e+01
-8.241390680027640414e+00
-3.198217513029323555e+01
-3.211069823784248456e+01
6.872030655625342987e+00
3.204588995895579018e+01
3.188083552288509281e+01
5.164427081179107759e+00
-3.313312330578679621e+01
-3.313123748540449043e+01
-6.287579773875920708e+00
2.346699460895041867e+01
2.347642889043848413e+01
1.747619202317933684e+01
-2.083893288552934209e+00
-2.584340833502772128e+01
-2.559216709076313734e+01
-2.303691167641214177e-01
1.891394425577411909e+01
1.895789435177616156e+01
1.894865618550854691e+01
-7.417614144152343769e+00
-3.202900346832006306e+01
-3.208000904366683415e+01
6.823040875901457802e+00
3.195752498715216916e+01
3.189222835053538319e+01
5.083061418918103591e+00
-3.201489334565847855e+01
-3.201647151468164054e+01
-4.178198358576182825e-01
2.356584861448547841e+01
2.342930423511514348e+01
4.869396130438840231e+00
-1.794268255427337522e+01
-1.801355743432256418e+01
-6.329173131143884135e+00
1.287061348852616227e+01
1.304598016627518042e+01
1.285475543530919929e+01
-3.233670563881050342e+00
-1.794181093540144190e+01
-1.782214952074015102e+01
-1.271320449508548167e+00
1.209705350026911752e+01
1.195407474571185524e+01
1.211372448465270857e+01
1.210692425683241069e+01
-8.114195536067516201e+00
-3.190295765545123885e+01
-3.201806771392172379e+01
6.963737679486963650e+00
3.526879416842812986e+01
3.521096648320152411e+01
5.022823371815637650e+00
-3.209682794729355493e+01
-3.203316049420904221e+01
-5.375152366699148532e-01
2.263641790479040949e+01
2.274724934684251565e+01
4.935345862076597534e+00
-1.917469045258065208e+01
-1.913370393898606991e+01
-7.359949181462009271e+00
1.203550130580074295e+01
1.213429959474253650e+01
1.213343236538104009e+01
1.211005700390142437e+01
-8.296362789867433918e+00
-2.563199858632543737e+01
-2.574626495110625157e+01
6.816486397648283457e+00
2.834447282346819108e+01
2.837287370609356429e+01
-2.972092126514682242e+00
-3.199312552239858576e+01
-3.199682736245870629e+01
7.073821718980192408e+00
3.180624130477759337e+01
3.197031958243916350e+01
-2.980681409558099126e+00
-3.204781444625570686e+01
-3.213021557436608333e+01
-4.671154581219680302e-01
2.822617073720324399e+01
2.819807328578603389e+01
1.069445711761487594e+01
-1.782608464773734624e+01
-3.292182029218417938e+01
-2.295378099180339149e+01
1.890138463858207629e+01
3.194256421821673797e+01
2.131377476885694833e+01
-8.119279816887509327e+00
-3.179177575373650910e+01
-3.174840609462273022e+01
1.220560122551574800e+01
3.482907617479751394e+01
3.468873478739142513e+01
-2.906945875549705960e+00
-4.622538523976432856e+01
-4.607699836636618329e+01
1.123549962490823084e+01
4.352995143323136773e+01
4.337727701106945233e+01
5.272943606627521262e+00
-4.614583847277978634e+01
-4.613579630899665318e+01
-1.341006947199853361e+00
3.473710843386689362e+01
3.479509103440052797e+01
1.076647644243554858e+01
-2.553841119439999119e+01
-2.553458450226268184e+01
-6.259202706793832505e+00
1.213641370161006350e+01
1.217643086254568097e+01
1.208813817651095412e+01
1.208897752554542748e+01
-8.265095736886017619e+00
-3.206200980160566871e+01
-3.199626975832127229e+01
6.877369079645940353e+00
3.186185669704570955e+01
3.190484457279962882e+01
1.094121686913100788e+01
-2.542095758520382986e+01
-2.562852106636950467e+01
-1.496255998117687014e+01
1.234029269578889654e+01
2.245816376488347643e+01
2.256110429523634764e+01
-2.958715079664334002e+00
-3.182076548441086317e+01
-3.174807650812282489e+01
6.961440733554200122e+00
3.200637048038448995e+01
3.196760904530777125e+01
-3.053078557397407966e+00
-3.211355900571994937e+01
-3.198947548486168557e+01
-3.215371187351090398e-01
2.837910457577630297e+01
2.846072602358412951e+01
1.082790396203304084e+01
-1.773450760389070879e+01
-3.310945917679178052e+01
-1.482306416054620080e+01
1.892312685096504765e+01
2.898661890242922112e+01
1.684438747654794710e+01
-1.804773057255233937e+01
-3.271938304803123998e+01
-1.467458382349999368e+01
1.917866435176403428e+01
2.894526807512449551e+01
1.740011832446855422e+01
-1.788373096775287507e+01
-3.191449161035793836e+01
-1.468541305483389614e+01
1.898399258161998659e+01
2.896416253403329222e+01
1.754335678639595741e+01
-1.797248305042049310e+01
-3.210073174592692880e+01
-2.258982008202920966e+01
1.240545758349585093e+01
3.198624353845952939e+01
3.197196431489890145e+01
-3.041598796158734519e+00
-3.874713974148851037e+01
-3.887192208513967273e+01
7.041606855228756956e+00
3.492718105849623811e+01
3.428096392472018294e+01
4.984937609751425747e+00
-3.195020736418923235e+01
-3.205038414536164737e+01
-4.260872716977930907e-01
2.334782325197138064e+01
2.346021014158203855e+01
5.022891105641028808e+00
-1.770747514537506717e+01
-1.789145612647671868e+01
-5.936930720323523758e+00
6.930723848004841869e+00
6.824545379307096482e+00
6.873226994776964638e+00
6.875785207120685527e+00
6.843787127680603710e+00
-8.100449193248522306e+00
-8.194263021626651877e+00
-8.267491922172075292e+00
-8.056680816998927241e+00
-8.153904500167975300e+00
7.656658577183842240e+00
1.883801577682285711e+01
1.885401976610918950e+01
-3.124335301067387771e+00
-2.557619230192343807e+01
-2.578431983645150893e+01
7.489763371463273423e+00
2.836473329473991001e+01
2.841802471637921812e+01
-3.056898661439258813e+00
-3.195967278193207406e+01
-3.212041771419099234e+01
-1.218195591369775066e+00
2.831986966289906604e+01
2.827926820355935433e+01
1.166610849740038347e+01
-1.798441258063363080e+01
-1.798243601135342118e+01
-1.788805730510962277e+01
-1.310960625015778369e+00
1.908256324795200953e+01
1.894028881236203432e+01
1.881403683435999241e+01
-8.016969760314795579e+00
-3.798119083683643282e+01
-3.781641323654875464e+01
1.222215691616538358e+01
3.948195483790997429e+01
3.943259305446631657e+01
4.911425414032468240e+00
-4.624182497510212642e+01
-4.627683214875830942e+01
7.393505715717815008e+00
3.946958294936241884e+01
3.384889782187178042e+01
-2.765108093263664468e+00
-3.176764885531359184e+01
-3.194615658131893809e+01
-1.318568626961066914e-01
2.822567459333032858e+01
2.837612866104998943e+01
1.072946989049270883e+01
-1.792175132674832838e+01
-3.206763768005035331e+01
-2.253068367824987561e+01
1.206638020964059521e+01
3.187746229635500939e+01
3.176189781143158797e+01
-2.998923898052729964e+00
-3.868064909897696424e+01
-3.864774516799777615e+01
7.093552286766085402e+00
3.473861851758340435e+01
3.470767725041286411e+01
5.050958769262271275e+00
-3.772294767694724982e+01
-3.750246877857564698e+01
-5.081106709425154966e-01
3.246044129109414200e+01
3.246413284190178672e+01
4.954751495355434798e+00
-3.196722980130270031e+01
-3.190082375761744871e+01
-1.315665668936157884e+00
2.839014715702819558e+01
2.823841073460732431e+01
4.982781042153900053e+00
-2.539031697439311586e+01
-2.540795719995304935e+01
-6.232725131187555334e+00
1.884408843266646727e+01
1.877988236329722582e+01
1.091681774439239661e+01
-2.867612985463979580e+00
-1.795320620780359988e+01
-1.786915375089115798e+01
-6.282960643507931486e+00
1.213680424947019887e+01
1.221987542559966577e+01
1.223461408683164464e+01
1.224376657169814742e+01
-7.386076198877391974e+00
-2.558388172297874164e+01
-2.560024474388454863e+01
7.057648148420753387e+00
2.826014879198288909e+01
2.830974911591608034e+01
-3.118622312252967266e+00
-3.169235915387783464e+01
-3.175305573943640525e+01
6.840360112752551736e+00
3.191000765243964565e+01
3.184793850452350839e+01
-3.248375903975837975e+00
-3.771744511068515493e+01
-3.776330115968386281e+01
6.724328330398776643e+00
3.535113868554182659e+01
3.542347266524726734e+01
4.928584432425927808e+00
-3.167354006300178426e+01
-3.181626033814173837e+01
-5.267647736498557443e-01
2.260296319121666642e+01
2.262930721880952945e+01
4.966929949109017528e+00
-1.790200915583508134e+01
-1.789104035915129032e+01
-6.190915791934447299e+00
6.857825906867950572e+00
6.976686627181262423e+00
6.873487562100134340e+00
6.722389907605780479e+00
6.795789514055594616e+00
6.975334011010687618e+00
-1.796780004819073540e+01
-1.804784628678290659e+01
-1.795935562799970242e+01
-4.346044377300952721e-01
2.271012917270291709e+01
2.269850105124882589e+01
1.074723694567191679e+01
-7.254019505431737791e+00
-1.781628895427051162e+01
-1.774438989160114133e+01
-6.366526589780892920e+00
1.220368091074695727e+01
1.198910023975304462e+01
1.233367216312970349e+01
1.220748670097162503e+01
-3.022128619345350486e+00
-2.534234625955710740e+01
-2.556492378854405700e+01
-1.355402023722420912e+00
2.348341911314309982e+01
2.355967556614049485e+01
1.077753601792925942e+01
-7.801943330824021139e+00
-2.549552516569386640e+01
-2.540590295061500470e+01
-1.043012616140725157e+00
2.256538089315906959e+01
2.251777754720332325e+01
2.250091346577866247e+01
-2.953521249861502440e+00
-3.171855575699859386e+01
-3.194947208570695096e+01
-2.407644141775939495e-01
2.279514872155148453e+01
2.276868827655818706e+01
1.158520443522973409e+01
-8.169517242374054078e+00
-2.540548496316066363e+01
-2.551056816716664599e+01
6.947856662866487731e+00
2.834924350843131080e+01
2.834163372471164521e+01
4.930125382348267138e+00
-3.165370981530118755e+01
-3.173004358013863779e+01
-2.704099109201121287e-01
2.251791546250042586e+01
2.262672873870139156e+01
1.078616261039977431e+01
-1.792115200909832495e+01
-1.787782204472777892e+01
-1.788604263036778264e+01
7.473643035230739251e+00
2.339384309465385670e+01
2.338512814548484897e+01
-3.107524801490551436e+00
-3.184587084689617598e+01
-3.180523167527464423e+01
6.824737935270039024e+00
3.202756931069428248e+01
3.196810739681159674e+01
5.021610020444812861e+00
-3.160703990913790662e+01
-3.148413615614929029e+01
-6.256840788795534181e+00
2.334857178136408606e+01
2.346055989212034731e+01
1.061994020097067803e+01
-7.957796905606544513e+00
-7.817776958933282394e+00
-7.909932339707347104e+00
-7.913327561490665296e+00
-7.890574948204538863e+00
-7.775728831551915299e+00
6.930575200951919257e+00
7.003069594217192773e+00
6.971482170536321021e+00
7.007316064862878946e+00
7.055024385576776247e+00
6.961373979733270545e+00
7.083105873981433653e+00
-1.786993755112063909e+01
-3.187441288755238133e+01
-2.255560638509355442e+01
1.907768849869321670e+01
3.538229620034054079e+01
2.693364628423815077e+01
-7.012219404586894633e+00
-3.195971161922374293e+01
-3.183359641493139591e+01
6.946641094859328902e+00
2.833200687771476112e+01
2.834456488053872292e+01
5.060693915924696640e+00
-3.185411406155645864e+01
-3.184085147300799790e+01
-6.144439319081129725e-01
2.286614891938814154e+01
2.300123960893484920e+01
1.065995641822653361e+01
-7.794367935508552669e+00
-2.523238846126795565e+01
-2.540020644580710751e+01
6.981397884197892978e+00
2.829883173903829174e+01
2.835538340579278227e+01
-2.965256121325538619e+00
-3.174835851650108154e+01
-3.184181017961632776e+01
6.962452998367410828e+00
3.180219215798599208e+01
3.194998616997589025e+01
-3.129544831304865493e+00
-3.773774123082601761e+01
-3.775298924236074072e+01
6.805496788981915124e+00
3.479208394019644857e+01
3.470057389887602284e+01
4.981109668309656513e+00
-3.181571103039510717e+01
-3.197756974959155940e+01
-6.043988105212459772e+00
2.332718132199274308e+01
2.333518377617260242e+01
1.363339993963961305e+01
-7.857451204761923158e+00
-2.529260052490119293e+01
-2.526457051466487513e+01
-1.020201822676485071e+00
2.337896249222534450e+01
2.342924971297674475e+01
1.078156066752042186e+01
-7.837130831173840129e+00
-7.930719937997182889e+00
-7.942583758727089993e+00
-7.916269979936479295e+00
-7.864015774181610574e+00
-7.790137510202977289e+00
-1.256317167510176969e+00
1.176464260195740685e+01
1.200943222431059532e+01
1.208488630085509641e+01
1.205813089687698003e+01
-2.907609460084795927e+00
-2.548969134629439282e+01
-2.547570126015113345e+01
-3.515631702323651075e-01
2.274129265388831911e+01
2.271979082139169392e+01
5.039297066305116424e+00
-1.658179584395546868e+01
-1.673601152241522882e+01
-5.999061000904020169e+00
7.650472335330435136e+00
7.622335969795128285e+00
7.812072858896902616e+00
7.653232470737616921e+00
7.792896083961232456e+00
-8.253299863255223912e+00
-2.569653519058378066e+01
-2.574157765088581229e+01
7.901449794823737882e+00
3.214954108569063607e+01
3.197900970583905789e+01
-3.134950050973886793e+00
