9.854202348746935058e+01
9.855803159183193429e+01
2.847701777790782529e+01
-2.965377679760100449e+01
-5.293441641110987916e+01
-5.301862547732051212e+01
-5.298613973925086640e+01
-5.299141890569691782e+01
-3.992360898496680477e+01
-2.046487232537349499e+01
-3.068016564057619799e+00
9.371267933374026526e+00
1.730139689510078682e+01
1.737199641682903462e+01
1.739258575493060022e+01
1.745370039780092597e+01
1.742864840171556651e+01
1.744828590778529431e+01
5.685740200001936806e+00
-1.193689922859135111e+00
-6.261976886250846697e+00
-6.303762587214467139e+00
-1.213242535607421679e+01
-1.211088482171447289e+01
-1.219888905128004986e+01
-1.207264522353656488e+01
-6.216668863931714917e+00
2.303163201653674275e+00
6.087062925341914621e+00
6.007413002233591648e+00
6.087709861621974028e+00
6.082394095926590971e+00
6.103358918944444156e+00
6.025317543993298663e+00
6.111580254067082940e+00
6.069499906878124129e+00
-1.542909445141007696e+00
-6.281100078202626946e+00
-6.307715420319865984e+00
-6.413397909748073111e+00
-6.396911661833983409e+00
-6.319638308231875001e+00
-6.380278194146222326e+00
-6.898855994478862996e-01
-7.691490766984921956e-01
4.726663541862705209e+00
4.767427802050732133e+00
4.729595240695732450e+00
4.743544868102451240e+00
4.788969038753847940e+00
4.709218506945312299e+00
4.742880748050105844e+00
4.654873799373374865e+00
-1.753207319661953978e+00
-1.813126565202916929e+00
-1.809644852852546615e+00
-6.258673661388703735e+00
-6.236530748711519578e+00
-6.263363152531187694e+00
-6.248392822653703327e+00
-6.154878590418810802e+00
-6.129152145638490090e-01
-5.735097428772149009e-01
4.795745278280440616e+00
4.743855267422004474e+00
4.775790538750588787e+00
4.750021840309686105e+00
4.759810697391700707e+00
4.770957365332017197e+00
4.781163240156557137e+00
4.786321537713517316e+00
-1.237453413638515354e+00
-1.308209533453361662e+00
-5.885741409043787620e+00
-5.919705628514593698e+00
-5.850850168116694228e+00
-5.869642308383865803e+00
-5.849093370199688557e+00
-5.818621693831192765e+00
-6.170339316597489576e-01
-5.083182431566684034e-01
4.634996429690084518e+00
4.796962827192602141e+00
4.722633999144618677e+00
4.787386509535967782e+00
4.806446955528488552e+00
4.789794567400997849e+00
4.803836160565986724e+00
4.742082615255172939e+00
-1.246845536052696879e+00
-1.250344764382026908e+00
-1.244178097787522530e+00
-6.274514293565565559e+00
-6.277167807682299205e+00
-6.281737766354306807e+00
-6.286925721877494766e+00
-6.198125374697137424e+00
-6.218845084498241249e+00
2.125668287848980764e+00
2.124853071088014023e+00
2.084843842236633549e+00
6.225650916824998049e+00
6.222077248029669327e+00
6.225644440596989959e+00
6.221327120671995559e+00
6.245512908110713468e+00
6.291519242601182782e+00
