-1.842048473774545059e+00
-1.812891401728157437e+00
2.086081330399747813e+01
2.083389860555725903e+01
1.417569797278403421e+01
8.394457188034083472e+00
-1.299241751469222828e-01
-8.623723140270799448e+00
-8.682802003863985263e+00
-8.739491673261991167e+00
-4.876039582155679142e+01
-4.882965910411188304e+01
-3.094330813159973204e+01
-1.612125747358459193e+01
-8.274740864579271715e+00
-1.038135303914444307e+00
3.070284072351277871e+00
7.773374861942251357e+00
1.095138021722870292e+01
1.296698610588089196e+01
1.480187307690292187e+01
1.481387716308027080e+01
1.485670453777191824e+01
1.679671248919720483e+01
1.677125945427523845e+01
1.676366991166014486e+01
1.443277943597180979e+01
1.269294480980633466e+01
9.351967625289965724e+00
7.373002464368411779e+00
4.196921708700848797e+00
2.136156643636574870e+00
-1.389104891202912029e+00
-4.460403370224291564e+00
-4.474083555183611338e+00
-7.038181791076951299e+00
-7.075547233568059369e+00
-1.025425307868350799e+01
-5.025277634153098916e+01
-5.019184681055536146e+01
-3.891955148940962061e+01
-2.907111141825699008e+01
-2.228714193996384552e+01
-1.514252144786853194e+01
-8.137595076799271965e+00
-1.837095703274044922e+00
3.422689510812361391e+00
8.644792626808097680e+00
1.244896547722552782e+01
1.612273876601035738e+01
1.908641221330633186e+01
2.110842021947468083e+01
2.112744888106298902e+01
2.328586680323074631e+01
2.335061917474949666e+01
2.332693224774823193e+01
2.333696000493755207e+01
2.192744283044820008e+01
1.954354425995049382e+01
1.652460765296551415e+01
1.332850064265639389e+01
1.136654803172235972e+01
8.255782901838799148e+00
4.195656902091869256e+00
8.730067266165235651e-01
-1.479558570068320478e+00
-4.042445419389537165e+00
-6.530942221476763621e+00
-9.228184478277285052e+00
-1.097989099266686708e+01
-1.098514875743873631e+01
-1.281869910056065009e+01
-1.285801642291325209e+01
-1.285348557970698380e+01
-1.286107171424896478e+01
-1.284709158835705978e+01
-1.286589088967571115e+01
-1.057905383743648997e+01
-8.890312163960402358e+00
-6.918071583989032547e+00
-5.535374390228525954e+00
-3.041288822791642588e+00
-1.212152226833524082e+00
1.603994868212803055e+02
1.620925255629204003e+02
1.326098448192584556e+02
9.195366805831780255e+01
-1.176292437659242296e+00
-5.287156558237995796e+01
-6.463914357989332871e+01
-6.895257108636161547e+01
-7.281973281118089858e+01
-7.488167785800732190e+01
-7.494155980963125785e+01
-7.111996748835770177e+01
-6.470561042713114830e+01
-5.520474589998462989e+01
-4.190986439232564464e+01
-2.102150954492465473e+01
7.519006744718581103e+00
3.183195556381600255e+01
4.325655903867920671e+01
4.314900282091718253e+01
3.575130421367554590e+01
1.691405486659961355e+01
6.593768235932401467e+00
6.450704937891003965e+00
6.389997376473488089e+00
-3.668147752576984999e+00
-3.578328359634525668e+00
-3.681632767477708512e+00
-3.654509420120106711e+00
-3.674233138125373443e+00
-3.531595464838716225e+00
-3.593928413748514572e+00
-3.543290830639065803e+00
-3.544464204588066991e+00
-3.659659959029610832e+00
-3.608854344663100733e+00
-3.634519710226697953e+00
-3.589322244646879767e+00
3.866716597268549549e+00
4.022506755088841146e+00
4.093704881056211775e+00
3.954203613033044462e+00
4.067610444470020070e+00
3.991985367770453763e+00
4.053014869140199039e+00
3.985093772334323603e+00
4.052375722132438796e+00
3.955315951160955024e+00
3.993213929287918518e+00
-4.249947120491498254e+00
-1.060442722917761671e+01
-1.056877848922488283e+01
-1.063759751515452479e+01
-3.508158874653062753e+00
3.569004380303667290e+00
3.596199360050547966e+00
3.641722312414458429e+00
3.601716410745027019e+00
3.535193819719481212e+00
1.359402141023966237e+01
1.363752832132419712e+01
5.619032393417668914e+00
-2.803668216623648846e+00
-2.850686464932309150e+00
-2.835395549701843265e+00
-8.318083607707023930e+00
-8.375587551791625174e+00
-8.374332358355800920e+00
-8.380424042359408077e+00
-8.437903971016652349e+00
-2.081724745089530870e+00
-2.052582131199159221e+00
3.991523255140904780e+00
4.128493142905909963e+00
4.122106769429180417e+00
4.189956781541994246e+00
4.144179863043191858e+00
4.170819431283561585e+00
4.070496537083656108e+00
4.119407183677338935e+00
4.050752663151897082e+00
4.194845443342757108e+00
-2.913241738869899677e+00
-2.986291376534012443e+00
-3.045142461636132225e+00
-3.002738301795389475e+00
