7.506999801852762744e+01
7.505748179129457753e+01
6.972022074954985271e+01
4.163345696915156680e+01
-5.001737677298430640e+01
-9.249402497667550449e+01
-9.247014842424641756e+01
-7.251245346997285424e+01
-3.013138351939665327e+01
2.197711293256012866e+01
3.788205489897044487e+01
2.947477987649350695e+01
9.796781452503431353e+00
-8.264554596140095910e+00
-8.421871605377518222e+00
-8.342176776995783527e+00
-8.446813147680240164e+00
-8.478348244569879455e+00
5.888103082752225603e+00
5.896827320441190068e+00
5.914908390184241860e+00
6.171984219358708224e+00
5.989649304612696845e+00
5.864810295534009121e+00
5.927000136171820088e+00
-8.381661743797565123e+00
-8.407149909508831342e+00
-8.420975267248497431e+00
-8.534731820832890392e+00
-8.350845633348850328e+00
-1.930790510842038454e+00
1.088376431994130655e+01
1.084731448839106349e+01
1.077467231936606851e+01
1.093907859173354780e+01
-3.833547375713678207e+00
-1.795936377759283431e+01
-1.796471258824042039e+01
-6.898910362001977603e+00
1.166202464559467877e+01
1.194465408079467572e+01
1.163987154727856144e+01
1.192368882812882624e+01
-3.897166323402410537e+00
-1.800771067991700036e+01
-1.815129106896170441e+01
-6.709212571427765504e+00
1.101997893739271284e+01
1.101514655772663431e+01
1.094914141885486636e+01
1.103914777058287555e+01
1.110382605168845238e+01
-8.733918780500113499e+00
-3.142253966028725998e+01
-3.124586222938867763e+01
5.625344438577661421e+00
3.045366574636648238e+01
3.040933735308256658e+01
3.997691327179883292e+00
-2.542583103283326551e+01
-2.536507811450188399e+01
-1.291695513919388860e+00
1.792375245069374756e+01
1.774584553798164421e+01
9.670236409398338395e+00
-8.394791004181268335e+00
-8.379864843214614112e+00
-8.457009824929706099e+00
-8.348368359725762744e+00
-8.323592349974921589e+00
-1.884445012181704682e+00
1.082957837196622286e+01
1.083607710879062047e+01
1.104359384189235804e+01
1.100262410206885555e+01
