7.379070220936770852e+01
7.383202894309700071e+01
6.849021378769394630e+01
4.896270375529233831e+01
2.056679908255267009e+01
-1.108072441259915664e+01
-3.689058327298963746e+01
-5.407904684879056845e+01
-6.116895350365382455e+01
-6.114111884405328112e+01
-6.124869107020273873e+01
-5.592134969448299842e+01
-4.482055174816525778e+01
-2.815675100852091362e+01
-1.084638782757414077e+01
4.386313586804073239e+00
1.725248220530168553e+01
1.106131415580687900e+02
1.018754713983796449e+02
-6.680250716884026474e+01
-8.737637608242464182e+01
-6.425557111472065230e+01
-3.613921825083044581e+01
-6.421530406965560545e+00
1.719190170359376069e+01
3.165970809676788278e+01
3.830409936441154173e+01
3.824162292731766399e+01
3.825153116201452264e+01
3.823667171564617462e+01
2.591138065779341204e+01
1.318927346675839729e+01
-1.156159284360472439e+00
-1.018478222850655790e+01
-1.456582467333076814e+01
-1.475530853811570964e+01
-1.475750738644507543e+01
7.689557136610335419e+01
-1.464597485683631284e+01
-6.110548286638799453e+01
-5.724368027977134687e+01
